1.0000000000000000e+00	2.2950000000000001e-01
9.9999723690170572e-01	2.2955600399550771e-01
9.9999447381104623e-01	2.2960850923793399e-01
9.9999171072802140e-01	2.2965751412256050e-01
9.8627948563121048e-01	3.0518778420581462e-02
9.7274722377696510e-01	1.4553089953903561e-01
9.5940063151593313e-01	1.8040262657664841e-01
9.4623716136579306e-01	1.4397205571118211e-02
9.3325430079699101e-01	2.6448489203027559e-01
9.2044957175317133e-01	4.2742579205847613e-02
9.0782053017818576e-01	1.5698173117940356e-01
8.9536476554959377e-01	2.1799021560235635e-01
8.8307990041856277e-01	1.1485678690471965e-02
8.7096358995608059e-01	3.0095452953041185e-01
8.5901352150539567e-01	5.8716999583884232e-02
8.4722741414059644e-01	1.6603472485951917e-01
8.3560301823124805e-01	2.6044420015383024e-01
8.2413811501300227e-01	8.0642763207341255e-03
8.1283051616409929e-01	3.3765454989106358e-01
8.0167806338767911e-01	7.9190967048242494e-02
7.9067862799982513e-01	1.7168403437073193e-01
7.7983011052325868e-01	3.0740980601312390e-01
7.6913044028660960e-01	4.5343047088361689e-03
7.5857757502918377e-01	3.7300921946702098e-01
7.4816950051115438e-01	1.0491991808954157e-01
7.3790423012910100e-01	1.7295808068857238e-01
7.2777980453682412e-01	3.5818205365510120e-01
7.1779429127136174e-01	1.5448597563916106e-03
7.0794578438413791e-01	4.0516262196687164e-01
6.9823240407717135e-01	1.3660886312812795e-01
6.8865229634427605e-01	1.6904439393008333e-01
6.7920363261718453e-01	4.1166888560578180e-01
6.6988460941652639e-01	2.8400544503179679e-05
6.6069344800759600e-01	4.3207641584536105e-01
6.5162839406084272e-01	1.7484023487251499e-01
6.4268771731701968e-01	1.5943013664967842e-01
6.3386971125692693e-01	4.6637634567958414e-01
6.2517269277568577e-01	1.2133671321084120e-03
6.1659500186148219e-01	4.5166367521025219e-01
6.0813500127871789e-01	2.1998797916142890e-01
5.9979107625550943e-01	1.4404254316838222e-01
5.9156163417547392e-01	5.2041725718487331e-01
5.8344510427374474e-01	6.6049569884747269e-03
5.7543993733715693e-01	4.6194802847359995e-01
5.6754460540854712e-01	2.7212005166841835e-01
5.5975760149511011e-01	1.2337262609242874e-01
5.5207743928075736e-01	5.7154298442122575e-01
5.4450265284242116e-01	1.7927196558732469e-02
5.3703179637025278e-01	4.6123643933145808e-01
5.2966344389165787e-01	3.3089226530554161e-01
5.2239618899911977e-01	9.8567510934361946e-02
5.1522864458175643e-01	6.1719839731969506e-01
5.0815944256056056e-01	3.7021823310014662e-02
5.0118723362727224e-01	4.4829646562191938e-01
4.9431068698683539e-01	3.9543793092423768e-01
4.8752849010338634e-01	7.1479946062302166e-02
4.8083934844972853e-01	6.5460320690591056e-01
4.7424198526024469e-01	6.5701716195522952e-02
4.6773514128719818e-01	4.2253254765409454e-01
4.6131757456037936e-01	4.6426059154150295e-01
4.5498806015004856e-01	4.4665810718572674e-02
4.4874538993313212e-01	6.8086723017750561e-01
4.4258837236262655e-01	1.0555879768955941e-01
4.3651583224016599e-01	3.8415793592760672e-01
4.3052661049171065e-01	5.3514168534325146e-01
4.2461956394631289e-01	2.1320562019332748e-02
4.1879356511791838e-01	6.9315086792672942e-01
4.1304750199016133e-01	1.5772927963203240e-01
4.0738027780411273e-01	3.3435700333802709e-01
4.0179081084893992e-01	6.0508095333741874e-01
3.9627803425543945e-01	5.1438119968943378e-03
3.9084089579240200e-01	6.8888298006537962e-01
3.8547835766577182e-01	2.2262399679681180e-01
3.8018939632056120e-01	2.7542614404100968e-01
3.7497300224548352e-01	6.7029397845501404e-01
3.6982817978026616e-01	1.1934332977228478e-04
3.6475394692560781e-01	6.6604464697597121e-01
3.5974933515574231e-01	2.9963937959558518e-01
3.5481338923357547e-01	2.1087115502622558e-01
3.4994516702835721e-01	7.2629694000603129e-01
3.4514373933585618e-01	1.0198410068791724e-02
3.4040818970100084e-01	6.2351786541859922e-01
3.3573761424295462e-01	3.8687575809366198e-01
3.3113112148259105e-01	1.4542719193962947e-01
3.2658783217233578e-01	7.6811145179599150e-01
3.2210687912834346e-01	3.8879745339903106e-02
3.1768740706497706e-01	5.6148262406164973e-01
3.1332857243155854e-01	4.8090359601740668e-01
3.0902954325135906e-01	8.4957293710528653e-02
3.0478949896279833e-01	7.9061966814462170e-01
3.0060763026282311e-01	8.8692369335888616e-02
2.9648313895243428e-01	4.8182454537402886e-01
2.9241523778433354e-01	5.7663314233300755e-01
2.8840315031266062e-01	3.6180915574147592e-02
2.8444611074479159e-01	7.8908879567331247e-01
2.8054336379517136e-01	1.6060806264555613e-01
2.7669416454115114e-01	3.8849022976942349e-01
2.7289777828080403e-01	6.6735566891395215e-01
2.6915348039269155e-01	6.1890566844356202e-03
2.6546055619755393e-01	7.5986196147171337e-01
2.6181830082189850e-01	2.5343872425066616e-01
2.5822601906345960e-01	2.8770238329559350e-01
2.5468302525850411e-01	7.4503023817811997e-01
2.5118864315095801e-01	1.7213866132452743e-03
2.4774220576332853e-01	7.0117727579436329e-01
2.4434305526939717e-01	3.6330720623350632e-01
2.4099054286865948e-01	1.8792791307834256e-01
2.3768402866248767e-01	8.0088274360195699e-01
2.3442288153199223e-01	2.8216145596514225e-02
2.3120647901755947e-01	6.1402947233424676e-01
2.2803420720004183e-01	4.8331345010709753e-01
2.2490546058357813e-01	9.9487879804030954e-02
2.2181964198002191e-01	8.2635697246363260e-01
2.1877616239495523e-01	8.8696018302713717e-02
2.1577444091526662e-01	5.0293339755136135e-01
2.1281390459827118e-01	6.0354266075505425e-01
2.0989398836235240e-01	3.3718176395336315e-02
2.0701413487910419e-01	8.1440455749837604e-01
2.0417379446695291e-01	1.8261929338053898e-01
2.0137242498623881e-01	3.7639627751870280e-01
1.9860949173573714e-01	7.1156758448336344e-01
1.9588446735059897e-01	1.6426654829727280e-03
1.9319683170169238e-01	7.6101916001223502e-01
1.9054607179632471e-01	3.0489683450128729e-01
1.8793168168032684e-01	2.4687292218896947e-01
1.8535316234148114e-01	7.9356910996551566e-01
1.8281002161427429e-01	1.2210397613148601e-02
1.8030177408595691e-01	6.6681448244335817e-01
1.7782794100389229e-01	4.4533706630813791e-01
1.7538805018417614e-01	1.2998646137855138e-01
1.7298163592151014e-01	8.3612461523985027e-01
1.7060823890031232e-01	7.0271293283769298e-02
1.6826740610704671e-01	5.3833171276135050e-01
1.6595869074375605e-01	5.8881268185588120e-01
1.6368165214278085e-01	4.2868487196403730e-02
1.6143585568264862e-01	8.2858221833337509e-01
1.5922087270511701e-01	1.7460475365484754e-01
1.5703628043335524e-01	3.8867035883362383e-01
1.5488166189124813e-01	7.1641881706050403e-01
1.5275660582380726e-01	1.6201491996632703e-03
1.5066070661867420e-01	7.6575337456766501e-01
1.4859356422870071e-01	3.1644494399776329e-01
1.4655478409559117e-01	2.3701107509628142e-01
1.4454397707459277e-01	8.0778653399768596e-01
1.4256075936021884e-01	1.8115599586248279e-02
1.4060475241299139e-01	6.5043926634591942e-01
1.3867558288718887e-01	4.7902569574144255e-01
1.3677288255958489e-01	1.0668823065701045e-01
1.3489628825916533e-01	8.4450703860587628e-01
1.3304544179780911e-01	9.6631638468273065e-02
1.3121998990192030e-01	4.9511111138893904e-01
1.2941958414499863e-01	6.3865068336523445e-01
1.2764388088113438e-01	2.1708039351959214e-02
1.2589254117941673e-01	8.1430910899512443e-01
1.2416523075924110e-01	2.3103595304441940e-01
1.2246161992650484e-01	3.2197436963266252e-01
1.2078138351067802e-01	7.6763398529820581e-01
1.1912420080273746e-01	1.9924840697446177e-03
1.1748975549395295e-01	7.1524976748317615e-01
1.1587773561551258e-01	4.0342390336592199e-01
1.1428783347897717e-01	1.6075967480121162e-01
1.1271974561755102e-01	8.3911676312270100e-01
1.1117317272815913e-01	5.8102014232550882e-02
1.0964781961431848e-01	5.5881757110991137e-01
1.0814339512979380e-01	5.8507532677901375e-01
1.0665961212302577e-01	4.3973077609430526e-02
1.0519618738232230e-01	8.3324386742244250e-01
1.0375284158180124e-01	1.8663602180007952e-01
1.0232929922807543e-01	3.7066189137407035e-01
1.0092528860766843e-01	7.4033082684798290e-01
9.9540541735152713e-02	2.7368409012317497e-06
9.8174794301998436e-02	7.4354060832010527e-01
9.6827785626124888e-02	3.6777793272935844e-01
9.5499258602143589e-02	1.8783465077016717e-01
9.4188959652284118e-02	8.3341096479345833e-01
9.2896638677993637e-02	4.5299670720476949e-02
9.1622049012199960e-02	5.8172718387597544e-01
9.0364947372230151e-02	5.6638903640494498e-01
8.9125093813374537e-02	5.2100063641930636e-02
8.7902251683088434e-02	8.3733041238350869e-01
8.6696187575821648e-02	1.7759364376746933e-01
8.5506671288468339e-02	3.7892167817217237e-01
8.4333475776427524e-02	7.3754441554572081e-01
8.3176377110267111e-02	1.2551512463217482e-05
8.2035154432981816e-02	7.4301536800745749e-01
8.0909589917838240e-02	3.7248324651001291e-01
7.9799468726797648e-02	1.8153833738233602e-01
7.8704578969509872e-02	8.3639467526689670e-01
7.7624711662869175e-02	5.1827604893712395e-02
7.6559660691125617e-02	5.6581760709052831e-01
7.5509222766543385e-02	5.8549658178751196e-01
7.4473197390598891e-02	4.1399082896739159e-02
7.3451386815711492e-02	8.3079223606501273e-01
7.2443596007498987e-02	2.0243357195738115e-01
7.1449632607551328e-02	3.4632195381842451e-01
7.0469306896714684e-02	7.6070710984787926e-01
6.9502431758879685e-02	1.5275998199322466e-03
6.8548822645266141e-02	7.1350801483906556e-01
6.7608297539198184e-02	4.1786026604508925e-01
6.6680676921362203e-02	1.4319961170913187e-01
6.5765783735542052e-02	8.4521050483379101e-01
6.4863443354823830e-02	8.1226894534682209e-02
6.3973483548264820e-02	5.0965410586400028e-01
6.3095734448019317e-02	6.4016099011771233e-01
6.2230028516915954e-02	1.8107688047682646e-02
6.1376200516479414e-02	8.0644313128660583e-01
6.0534087475391338e-02	2.6548351086087246e-01
5.9703528658383687e-02	2.7496358826980338e-01
5.8884365535558883e-02	8.0146862763001225e-01
5.8076441752131204e-02	1.5842664659103972e-02
5.7279603098582911e-02	6.4703231712948839e-01
5.6493697481230253e-02	5.0368117553671832e-01
5.5718574893192978e-02	8.2622244205505985e-02
5.4954087385762455e-02	8.4498606092097694e-01
5.4200089040162380e-02	1.4593803972296326e-01
5.3456435939697171e-02	4.1067970408690058e-01
5.2722986142282269e-02	7.2064208019257225e-01
5.1999599653351603e-02	4.1523459756786184e-04
5.1286138399136483e-02	7.4717631054251354e-01
5.0582466200311413e-02	3.7317016376505452e-01
4.9888448746001214e-02	1.7382978747063774e-01
4.9203953568145102e-02	8.3928062486843014e-01
4.8528850016212099e-02	6.4785851035366326e-02
4.7863009232263824e-02	5.3268038597207812e-01
4.7206304126359053e-02	6.2296985630781054e-01
4.6558609352295881e-02	2.2338640361983277e-02
4.5919801283686862e-02	8.0931543884745893e-01
4.5289757990362063e-02	2.6173924832670403e-01
4.4668359215096314e-02	2.7338061356702731e-01
4.4055486350655322e-02	8.0342888026313863e-01
4.3451022417157155e-02	1.9103540172836327e-02
4.2854852039743943e-02	6.3190519559949088e-01
4.2266861426560297e-02	5.2426397140458980e-01
4.1686938347033534e-02	6.7278439095152381e-02
4.1114972110452230e-02	8.3923744807773659e-01
4.0550853544838381e-02	1.7469713000960771e-01
3.9994474976109751e-02	3.6809214718163707e-01
3.9445730207527840e-02	7.5135283404780728e-01
3.8904514499428063e-02	1.3313164852343986e-03
3.8370724549227873e-02	7.0613167025650381e-01
3.7844258471709323e-02	4.3488858409002012e-01
3.7325015779572056e-02	1.2234653692447439e-01
3.6812897364253132e-02	8.4566849893944973e-01
3.6307805477010131e-02	1.1177169680998546e-01
3.5809643710263593e-02	4.5009565422027575e-01
3.5318316979195699e-02	6.9455985303656542e-01
3.4833731503601174e-02	2.3814529484443257e-03
3.4355794789987466e-02	7.5754370777416891e-01
3.3884415613920249e-02	3.6034536055124194e-01
3.3419504002611428e-02	1.7754713586148407e-01
3.2960971217745771e-02	8.3767608061121079e-01
3.2508729738543442e-02	6.9485449024313264e-02
3.2062693245054653e-02	5.1580917546183946e-01
3.1622776601683798e-02	6.4141989573278535e-01
3.1188895840939368e-02	1.3663299218313840e-02
3.0760968147407086e-02	7.9048957017384092e-01
3.0338911841942703e-02	3.0258259663156006e-01
2.9922646366081884e-02	2.2598801137968377e-01
2.9512092266663854e-02	8.2316907489591140e-01
2.9107171180666046e-02	4.3115189805089348e-02
2.8707805820246908e-02	5.6450635958775797e-01
2.8313919957993785e-02	5.9738301801821825e-01
2.7925438412373382e-02	2.8125221157337923e-02
2.7542287033381661e-02	8.0979642170386601e-01
2.7164392688390826e-02	2.6142002371849521e-01
2.6791683248190312e-02	2.6340745235641361e-01
2.6424087573219467e-02	8.0825633279096187e-01
2.6061535499988950e-02	2.8059227054289558e-02
2.5703957827688639e-02	5.9695810052191223e-01
2.5351286304979074e-02	5.6562837291674994e-01
2.5003453616964315e-02	4.0603458632397074e-02
2.4660393372343391e-02	8.1968263576592915e-01
2.4322040090738156e-02	2.3576222416251638e-01
2.3988329190194904e-02	2.8745732568725685e-01
2.3659196974857577e-02	7.9713717980945620e-01
2.3334580622810026e-02	2.0665120918188711e-02
2.3014418174085078e-02	6.1436861703839951e-01
2.2698648518838217e-02	5.4778606672496655e-01
2.2387211385683392e-02	4.7789872940432222e-02
2.2080047330189000e-02	8.2314851353433138e-01
2.1777097723531584e-02	2.2447842037725199e-01
2.1478304741305340e-02	2.9702988639410655e-01
2.1183611352485015e-02	7.9223285754119754e-01
2.0892961308540396e-02	1.8663369657329180e-02
2.0606299132699998e-02	6.1766295663751136e-01
2.0323570109362220e-02	5.4451977630734283e-01
2.0044720273651610e-02	4.8069624157444722e-02
1.9769696401118610e-02	8.2168560104640176e-01
1.9498445997580452e-02	2.2693983568473902e-01
1.9230917289101587e-02	2.9178614268472386e-01
1.8967059212111462e-02	7.9435059728558965e-01
1.8706821403658001e-02	2.1354136733194702e-02
1.8450154191794736e-02	6.0710666878938158e-01
1.8197008586099829e-02	5.5586448768586283e-01
1.7947336268325266e-02	4.1393386207630646e-02
1.7701089583174213e-02	8.1517417359081645e-01
1.7458221529205030e-02	2.4324513766675199e-01
1.7218685749860067e-02	2.7195714568975393e-01
1.6982436524617443e-02	8.0276027956883622e-01
1.6749428760264379e-02	2.9646763935895330e-02
1.6519617982290142e-02	5.8222560863018713e-01
1.6292960326397220e-02	5.8127809917910689e-01
1.6069412530128776e-02	2.9264032603342465e-02
1.5848931924611141e-02	8.0190087148092037e-01
1.5631476426409534e-02	2.7415691018986404e-01
1.5417004529495593e-02	2.3843933935863809e-01
1.5205475297324958e-02	8.1514390223281286e-01
1.4996848355023728e-02	4.5983225312633928e-02
1.4791083881682069e-02	5.4201537943332501e-01
1.4588142602753483e-02	6.1940352920593600e-01
1.4387985782558456e-02	1.4839926889692049e-02
1.4190575216890915e-02	7.7870231675614243e-01
1.3995873225726178e-02	3.2074475681394282e-01
1.3803842646028849e-02	1.9317095154882574e-01
1.3614446824659503e-02	8.2745334437131335e-01
1.3427649611378633e-02	7.4103374414983741e-02
1.3243415351946643e-02	4.8545868806709225e-01
1.3061708881318416e-02	6.6757186955267556e-01
1.2882495516931344e-02	3.0799421982331825e-03
1.2705741052085412e-02	7.4131282569790646e-01
1.2531411749414158e-02	3.8370887880577320e-01
1.2359474334445106e-02	1.3973424775220805e-01
1.2189895989248670e-02	8.3379063622001848e-01
1.2022644346174125e-02	1.1854463011357923e-01
1.1857687481671601e-02	4.1237874059626689e-01
1.1694993910198712e-02	7.2113018255533623e-01
1.1534532578210917e-02	7.7272612044552503e-04
1.1376272858234306e-02	6.8505123555229286e-01
1.1220184543019634e-02	4.6236753926915425e-01
1.1066237839776666e-02	8.4056439912432668e-02
1.0914403364487560e-02	8.2651066835637110e-01
1.0764652136298347e-02	1.8372958063894404e-01
1.0616955571987247e-02	3.2462003624103863e-01
1.0471285480508997e-02	7.7276798422650894e-01
1.0327614057613970e-02	1.6208661375338249e-02
1.0185913880541167e-02	6.0599962629215576e-01
1.0046157902783952e-02	5.5335989575608502e-01
9.9083194489276785e-03	3.4968147343293732e-02
9.7723722095581032e-03	7.9682673046731267e-01
9.6382902362397039e-03	2.7251181619519305e-01
9.5060479365628153e-03	2.2743670887966061e-01
9.3756200692587978e-03	8.1214868815186625e-01
9.2469817393822235e-03	5.8192915548154145e-02
9.1201083935590968e-03	5.0276631685267270e-01
8.9949758153003538e-03	6.4926605200457743e-01
8.8715601203796044e-03	4.2329785008042723e-03
8.7498377522743590e-03	7.3623519464784537e-01
8.6297854776697033e-03	3.8416575078817322e-01
8.5113803820237675e-03	1.3076607504427148e-01
8.3945998651939711e-03	8.2630206894768998e-01
8.2794216371233405e-03	1.3411674533904211e-01
8.1658237135859239e-03	3.7873715295050675e-01
8.0537844119906686e-03	7.3758401364315473e-01
7.9432823472428121e-03	5.5352009892828931e-03
7.8342964276621168e-03	6.3899385306391399e-01
7.7268058509570242e-03	5.1206387665145492e-01
7.6207901002541233e-03	4.9790184573940584e-02
7.5162289401820527e-03	8.0132890726630646e-01
7.4131024130091741e-03	2.4698366096825014e-01
7.3113908348341758e-03	2.4436567306125520e-01
7.2110747918289926e-03	8.0078683124656513e-01
7.1121351365332885e-03	5.1908990764421882e-02
7.0145529841997125e-03	5.0559098427851890e-01
6.9183097091893662e-03	6.4169850130191897e-01
6.8233869414166927e-03	3.9314061652970010e-03
6.7297665628431765e-03	7.2587518262553552e-01
6.6374307040190884e-03	3.9171107502840724e-01
6.5463617406727511e-03	1.1856023336736929e-01
6.4565422903465524e-03	8.1838688032021800e-01
6.3679552090791566e-03	1.5136511784539305e-01
6.2805835881331795e-03	3.4655133925577580e-01
6.1944107507678160e-03	7.5020498345848274e-01
6.1094202490557178e-03	1.3380503695466785e-02
6.0255958607435770e-03	5.9636971702279196e-01
5.9429215861557276e-03	5.5172285389473952e-01
5.8613816451402847e-03	2.7755103596714594e-02
5.7809604740571788e-03	7.7182165926183832e-01
5.7016427228074743e-03	3.0116885804463311e-01
5.6234132519034918e-03	1.8508063599964361e-01
5.5462571295791050e-03	8.0891072140472819e-01
5.4701596289397150e-03	9.2692857936110318e-02
5.3951062251512763e-03	4.2304248468133820e-01
5.3210825926679438e-03	6.9768560660322732e-01
5.2480746024977237e-03	1.1509605679353772e-03
5.1760683195056752e-03	6.5222948009857795e-01
5.1050499997540629e-03	4.8237738082458886e-01
5.0350060878790494e-03	5.6245455296520683e-02
4.9659232145033592e-03	7.9025806493445638e-01
4.8977881936844610e-03	2.4216075890506911e-01
4.8305880203977272e-03	2.3432983955591782e-01
4.7643098680541585e-03	7.9082930945655949e-01
4.6989410860521531e-03	6.1366067776423047e-02
4.6344691973628799e-03	4.6956567669098653e-01
4.5708818961487513e-03	6.5759688769710201e-01
4.5081670454145996e-03	2.5566837391289128e-04
4.4463126746910860e-03	6.7919480120477682e-01
4.3853069777498570e-03	4.3957595249309017e-01
4.3251383103500877e-03	7.5980673753284850e-02
4.2657951880159251e-03	7.9292379509877531e-01
4.2072662838444396e-03	2.1174179597405698e-01
4.1495404263436298e-03	2.5920914350715651e-01
4.0926065973001099e-03	7.7575406966725446e-01
4.0364539296760477e-03	4.8803323179030814e-02
3.9810717055349717e-03	4.8644291012438268e-01
3.9264493539959986e-03	6.3709178412072354e-01
3.8725764492161733e-03	1.1540363602514485e-03
3.8194427084004643e-03	6.8279493499021160e-01
3.7670379898390883e-03	4.2464940294070330e-01
3.7153522909717258e-03	8.0284076115430508e-02
3.6643757464783306e-03	7.8679728308038244e-01
3.6140986263961316e-03	2.0684969352284269e-01
3.5645113342624422e-03	2.5742125626083795e-01
3.5156044052829820e-03	7.6887449710857381e-01
3.4673685045253149e-03	5.0431327688087862e-02
3.4197944251370877e-03	4.7484294045148928e-01
3.3728730865886887e-03	6.3820321196705343e-01
3.3265955329400457e-03	4.1323836637400662e-04
3.2809529311311888e-03	6.6535345142906677e-01
3.2359365692962820e-03	4.3716121351525172e-01
3.1915378551007618e-03	6.8041297672425102e-02
3.1477483141013167e-03	7.7314691986268835e-01
3.1045595881283544e-03	2.2650801408113641e-01
3.0619634336906767e-03	2.2954631017769586e-01
3.0199517204020166e-03	7.6947314081354679e-01
2.9785164294291906e-03	6.6644817673324280e-02
2.9376496519615300e-03	4.3522151397402303e-01
2.8973435877013226e-03	6.5893933118730263e-01
2.8575905433749472e-03	6.0196765113421156e-04
2.8183829312644522e-03	6.2533282749459551e-01
2.7797132677592879e-03	4.7571256865205597e-01
2.7415741719278826e-03	4.3224861484814261e-02
2.7039583641088444e-03	7.4761090564790778e-01
2.6668586645214785e-03	2.7192969706565018e-01
2.6302679918953813e-03	1.7892989742799911e-01
2.5941793621188144e-03	7.7111021888270881e-01
2.5585858869056465e-03	1.0239220078597847e-01
2.5234807724805737e-03	3.6791399374835626e-01
2.4888573182823906e-03	6.9291477587698402e-01
2.4547089156850307e-03	9.9684047110582801e-03
2.4210290467361791e-03	5.5840924401295344e-01
2.3878112829131769e-03	5.3671210277971337e-01
2.3550492838960092e-03	1.5346482746702183e-02
2.3227367963571072e-03	7.0109987836810883e-01
2.2908676527677719e-03	3.4463712575756683e-01
2.2594357702209770e-03	1.1329395037807884e-01
2.2284351492703035e-03	7.6159662248740612e-01
2.1978598727848252e-03	1.6530812886524371e-01
2.1677041048196936e-03	2.7576812772221937e-01
2.1379620895022318e-03	7.2788412857798213e-01
2.1086281499332893e-03	4.1447482608137839e-02
2.0796966871036962e-03	4.6047642314005460e-01
2.0511621788255646e-03	6.1143735610411221e-01
2.0230191786782714e-03	7.7121743228442206e-05
1.9952623149688798e-03	6.2221856516303231e-01
1.9678862897068452e-03	4.4254503038024701e-01
1.9408858775927774e-03	4.7303274763993042e-02
1.9142559250210855e-03	7.2388893004486421e-01
1.8879913490962936e-03	2.6171883465061635e-01
1.8620871366628680e-03	1.6843997411030495e-01
1.8365383433483458e-03	7.4446423092387626e-01
1.8113400926196024e-03	1.0966972216289843e-01
1.7864875748520510e-03	3.3292504267779849e-01
1.7619760464116282e-03	6.8242161657860978e-01
1.7378008287493750e-03	1.8255750232849897e-02
1.7139573075084253e-03	5.0241905735916137e-01
1.6904409316432646e-03	5.5438587544457096e-01
1.6672472125510620e-03	4.2479505768821674e-03
1.6443717232149312e-03	6.3988827750232791e-01
1.6218100973589300e-03	3.8995628012748551e-01
1.5995580286146693e-03	6.6932830562424342e-02
1.5776112696993480e-03	7.1748695969107013e-01
1.5559656316050741e-03	2.2435339214209285e-01
1.5346169827992944e-03	1.8965325007610351e-01
1.5135612484362085e-03	7.2161780092086669e-01
1.4927944095789957e-03	9.0709247286141978e-02
1.4723125024327186e-03	3.4454919450134536e-01
1.4521116175877425e-03	6.5443403772608966e-01
1.4321878992735427e-03	1.3601449018705617e-02
1.4125375446227540e-03	4.9915450251472043e-01
1.3931568029453031e-03	5.3195579334608056e-01
1.3740419750125155e-03	4.9511417110018789e-03
1.3551894123510354e-03	6.2325593992618422e-01
1.3365955165464418e-03	3.7966448279312504e-01
1.3182567385564071e-03	6.2802522366608590e-02
1.3001695780332906e-03	6.9456201515063976e-01
1.2823305826560210e-03	2.2679820081335664e-01
1.2647363474711511e-03	1.7288957164949331e-01
1.2473835142429431e-03	7.0218461309020819e-01
1.2302687708123819e-03	1.0060775971643725e-01
1.2133888504649768e-03	3.1237250843644865e-01
1.1967405313072434e-03	6.4754652568119164e-01
1.1803206356517297e-03	2.1629036896950567e-02
1.1641260294104918e-03	4.5477828803826387e-01
1.1481536214968825e-03	5.4291277227986390e-01
1.1324003632355569e-03	6.8116250104676963e-04
1.1168632477805613e-03	5.7506307652578459e-01
1.1015393095414143e-03	4.0816961452500555e-01
1.0864256236170651e-03	3.7897359627558233e-02
1.0715193052376064e-03	6.5383493388718628e-01
1.0568175092136587e-03	2.6668640172229729e-01
1.0423174293933035e-03	1.2370359992672833e-01
1.0280162981264732e-03	6.8007751275744399e-01
1.0139113857366795e-03	1.4110567633718349e-01
1.0000000000000002e-03	2.4133496542257551e-01
9.8627948563121000e-04	6.5210431465970575e-01
9.7274722377696488e-04	4.9769627124490422e-02
9.5940063151593320e-04	3.7026521234468801e-01
9.4623716136579329e-04	5.7684471379112268e-01
9.3325430079699073e-04	4.2682859678888031e-03
9.2044957175317123e-04	4.8984855660032006e-01
9.0782053017818580e-04	4.6784031544128002e-01
8.9536476554959328e-04	8.3405505708643597e-03
8.8307990041856246e-04	5.8253454241879243e-01
8.7096358995608061e-04	3.4247858565102451e-01
8.5901352150539588e-04	5.8114193114059118e-02
8.4722741414059604e-04	6.3618783797998857e-01
8.3560301823124776e-04	2.1901497778622050e-01
8.2413811501300224e-04	1.4346624943011332e-01
8.1283051616409937e-04	6.4527403453940824e-01
8.0167806338767879e-04	1.1386438553102415e-01
7.9067862799982495e-04	2.5014323788101972e-01
7.7983011052325875e-04	6.1090331705847256e-01
7.6913044028660983e-04	3.9514858508009114e-02
7.5857757502918342e-04	3.6221502052471505e-01
7.4816950051115425e-04	5.3991017364050831e-01
7.3790423012910105e-04	3.2648317348866274e-03
7.2777980453682433e-04	4.6444818178251124e-01
7.1779429127136153e-04	4.4326371391600516e-01
7.0794578438413780e-04	6.8354976817266563e-03
6.9823240407717148e-04	5.4426238977864461e-01
6.8865229634427572e-04	3.3414594005094722e-01
6.7920363261718430e-04	4.6780616662571703e-02
6.6988460941652640e-04	5.9305295719507256e-01
6.6069344800759615e-04	2.2601657870976016e-01
6.5162839406084235e-04	1.1551921332840921e-01
6.4268771731701944e-04	6.0679621621437807e-01
6.3386971125692696e-04	1.3092251185476467e-01
6.2517269277568600e-04	2.0275930711547857e-01
6.1659500186148194e-04	5.8597506628398133e-01
6.0813500127871779e-04	5.8227650315512344e-02
5.9979107625550941e-04	2.9706486165841717e-01
5.9156163417547418e-04	5.3495184561428066e-01
5.8344510427374451e-04	1.3852011185492874e-02
5.7543993733715686e-04	3.8733967885649229e-01
5.6754460540854720e-04	4.6096662147850226e-01
5.5975760149510982e-04	2.8825748967134500e-05
5.5207743928075716e-04	4.6405202217770658e-01
5.4450265284242117e-04	3.7295257607784027e-01
5.3703179637025283e-04	1.5523467859492107e-02
5.2966344389165758e-04	5.2008993168648265e-01
5.2239618899911969e-04	2.8034409959694417e-01
5.1522864458175641e-04	5.6212182083824690e-02
5.0815944256056068e-04	5.5120632456024488e-01
5.0118723362727209e-04	1.9201781292214193e-01
4.9431068698683534e-04	1.1589358225444088e-01
4.8752849010338635e-04	5.5607381626317898e-01
4.8083934844972865e-04	1.1546208945917447e-01
4.7424198526024446e-04	1.8720087113027345e-01
4.6773514128719813e-04	5.3601430116052851e-01
4.6131757456037940e-04	5.6224891026986690e-02
4.5498806015004833e-04	2.6249477977765373e-01
4.4874538993313202e-04	4.9449466472833903e-01
4.4258837236262652e-04	1.7648613191431774e-02
4.3651583224016600e-04	3.3464176852496014e-01
4.3052661049171044e-04	4.3648840288816815e-01
4.2461956394631277e-04	8.6762255655868387e-04
4.1879356511791832e-04	3.9761357631269828e-01
4.1304750199016145e-04	3.6779685732654166e-01
4.0738027780411255e-04	5.0209059034877490e-03
4.0179081084893982e-04	4.4687724267296952e-01
3.9627803425543943e-04	2.9440789651725768e-01
3.9084089579240211e-04	2.7618997887784703e-02
3.8547835766577165e-04	4.7957459121465018e-01
3.8018939632056113e-04	2.2194885428993080e-01
3.7497300224548355e-04	6.5000341137051498e-02
3.6982817978026630e-04	4.9451363190931369e-01
3.6475394692560764e-04	1.5526831936280910e-01
3.5974933515574227e-04	1.1281594424440845e-01
3.5481338923357548e-04	4.9200985016782717e-01
3.4994516702835707e-04	9.8160826306402577e-02
3.4514373933585611e-04	1.6649063507355874e-01
3.4040818970100084e-04	4.7362286204632131e-01
3.3573761424295475e-04	5.3231429396529001e-02
3.3113112148259094e-04	2.2162213391877902e-01
3.2658783217233601e-04	4.4183451495242132e-01
3.2210687912834343e-04	2.1884423021608722e-02
3.1768740706497687e-04	2.7429342035276061e-01
3.1332857243155868e-04	3.9970993244323771e-01
3.0902954325135899e-04	4.4122780628514362e-03
3.0478949896279803e-04	3.2128756281537518e-01
3.0060763026282315e-04	3.5057516033446490e-01
2.9648313895243414e-04	1.5687046689790996e-04
2.9241523778433375e-04	3.6020591840113891e-01
2.8840315031266060e-04	2.9773574112221807e-01
2.8444611074479142e-04	7.7146463114914085e-03
2.8054336379517152e-04	3.8949954482822402e-01
2.7669416454115112e-04	2.4425114939693571e-01
2.7289777828080387e-04	2.5159682719603813e-02
2.6915348039269167e-04	4.0842949102158571e-01
2.6546055619755386e-04	1.9277156600710196e-01
2.6181830082189829e-04	5.0262791382406698e-02
2.5822601906345965e-04	4.1697449005635279e-01
2.5468302525850396e-04	1.4543655002035036e-01
2.5118864315095817e-04	8.0690027710739576e-02
2.4774220576332854e-04	4.1570492466629300e-01
2.4434305526939703e-04	1.0383004015435610e-01
2.4099054286865959e-04	1.1416947180206576e-01
2.3768402866248761e-04	4.0564039542701663e-01
2.3442288153199202e-04	6.8982779181460854e-02
2.3120647901755953e-04	1.4862034531271048e-01
2.2803420720004172e-04	3.8810545956717440e-01
2.2490546058357788e-04	4.1411530091634757e-02
2.2181964198002190e-04	1.8224300319517464e-01
2.1877616239495513e-04	3.6459473415981564e-01
2.1577444091526677e-04	2.1184064420063119e-02
2.1281390459827119e-04	2.1357184934991308e-01
2.0989398836235225e-04	3.3665506950417046e-01
2.0701413487910430e-04	7.9995299453334591e-03
2.0417379446695288e-04	2.4149568692940893e-01
2.0137242498623865e-04	3.0578925981441346e-01
1.9860949173573718e-04	1.2751241123166981e-03
1.9588446735059888e-04	2.6525147031076879e-01
1.9319683170169254e-04	2.7338299823619272e-01
1.9054607179632473e-04	2.3171579118588006e-04
1.8793168168032673e-04	2.8439800805871379e-01
1.8535316234148124e-04	2.4065461504820498e-01
1.8281002161427425e-04	3.9729219205709224e-03
1.8030177408595675e-04	2.9877605609669156e-01
1.7782794100389232e-04	2.0862558429805386e-01
1.7538805018417605e-04	1.1553962749445045e-02
1.7298163592150998e-04	3.0846063602080254e-01
1.7060823890031236e-04	1.7810880381409638e-01
1.6826740610704664e-04	2.2038252290084902e-02
1.6595869074375615e-04	3.1371050425432634e-01
1.6368165214278085e-04	1.4971116590770617e-01
1.6143585568264852e-04	3.4541045171272738e-02
1.5922087270511709e-04	3.1491864681547616e-01
1.5703628043335521e-04	1.2384684133428335e-01
1.5488166189124800e-04	4.8260519425575542e-02
1.5275660582380728e-04	3.1256661039831318e-01
1.5066070661867413e-04	1.0075789347739718e-01
1.4859356422870079e-04	6.2497425603055490e-02
1.4655478409559116e-04	3.0718449486855953e-01
1.4454397707459266e-04	8.0539226103032005e-02
1.4256075936021890e-04	7.6664901141717798e-02
1.4060475241299138e-04	2.9931758238817935e-01
1.3867558288718873e-04	6.3165362253436164e-02
1.3677288255958494e-04	9.0290276918454607e-02
1.3489628825916531e-04	2.8949989237077872e-01
1.3304544179780899e-04	4.8517085962499706e-02
1.3121998990192033e-04	1.0301074018870966e-01
1.2941958414499854e-04	2.7823443500413336e-01
1.2764388088113446e-04	3.6406501443742162e-02
1.2589254117941672e-04	1.1456461581330074e-01
1.2416523075924101e-04	2.6597957896919255e-01
1.2246161992650491e-04	2.6599541163139277e-02
1.2078138351067799e-04	1.2477983327333135e-01
1.1912420080273737e-04	2.5314073116512753e-01
1.1748975549395299e-04	1.8835363657976646e-02
1.1587773561551256e-04	1.3356090134479504e-01
1.1428783347897725e-04	2.4006642268140296e-01
1.1271974561755105e-04	1.2842414390801320e-02
1.1117317272815906e-04	1.4087544816200354e-01
1.0964781961431856e-04	2.2704787966125214e-01
1.0814339512979379e-04	8.3511773136795229e-03
1.0665961212302570e-04	1.4674112606163420e-01
1.0519618738232232e-04	2.1432120514927777e-01
1.0375284158180123e-04	5.1038262530571157e-03
1.0232929922807532e-04	1.5121344455863037e-01
1.0092528860766846e-04	2.0207138653254886e-01
9.9540541735152654e-05	2.8611026176385960e-03
9.8174794301998495e-05	1.5437489083746961e-01
9.6827785626124905e-05	1.9043745455954503e-01
9.5499258602143526e-05	1.4068101443599668e-03
9.4188959652284179e-05	1.5632552962863663e-01
9.2896638677993616e-05	1.7951823993049149e-01
9.1622049012199896e-05	5.5033979379232891e-04
9.0364947372230175e-05	1.5717514364710902e-01
8.9125093813374520e-05	1.6937829167771440e-01
8.7902251683088338e-05	1.2762933223762739e-04
8.6696187575821667e-05	1.5703687949555425e-01
8.5506671288468285e-05	1.6005363095432829e-01
8.4333475776427581e-05	9.3226143380632234e-07
8.3176377110267090e-05	1.5602229799320083e-01
8.2035154432981766e-05	1.5155711019777723e-01
8.0909589917838259e-05	5.7727719573748336e-05
7.9799468726797637e-05	1.5423768735950449e-01
7.8704578969509783e-05	1.4388322893489339e-01
7.7624711662869193e-05	2.0905327951832280e-04
7.6559660691125599e-05	1.5178147743288362e-01
7.5509222766543437e-05	1.3701232340490577e-01
7.4473197390598905e-05	3.8749111950566888e-04
7.3451386815711445e-05	1.4874258825325090e-01
7.2443596007499035e-05	1.3091409850846306e-01
7.1449632607551317e-05	5.4498831580297919e-04
7.0469306896714631e-05	1.4519955249467215e-01
6.9502431758879693e-05	1.2555050888255445e-01
6.8548822645266125e-05	6.5064626904983737e-04
6.7608297539198107e-05	1.4122026465931312e-01
6.6680676921362217e-05	1.2087802308333055e-01
6.5765783735542019e-05	6.8857381664187613e-04
6.4863443354823874e-05	1.3686222757119215e-01
6.3973483548264803e-05	1.1684932299696603e-01
6.3095734448019279e-05	6.5586395523071952e-04
6.2230028516915966e-05	1.3217318613117587e-01
6.1376200516479400e-05	1.1341450171340674e-01
6.0534087475391304e-05	5.6072533029873030e-04
5.9703528658383699e-05	1.2719205769318526e-01
5.8884365535558867e-05	1.1052182904489330e-01
5.8076441752131244e-05	4.2077643678441732e-04
5.7279603098582920e-05	1.2195008647623669e-01
5.6493697481230218e-05	1.0811815626930689e-01
5.5718574893193012e-05	2.6149232258460638e-04
5.4954087385762447e-05	1.1647216522661022e-01
5.4200089040162345e-05	1.0614903187298015e-01
5.3456435939697180e-05	1.1477993490697629e-04
5.2722986142282255e-05	1.1077828029605821e-01
5.1999599653351545e-05	1.0455859911780165e-01
5.1286138399136494e-05	1.7648557028634594e-05
5.0582466200311379e-05	1.0488504605420569e-01
4.9888448746001249e-05	1.0328934494124026e-01
4.9203953568145089e-05	1.0935589760309066e-05
4.8528850016212067e-05	9.8807300935588607e-02
4.7863009232263851e-05	1.0228176852020877e-01
4.7206304126359040e-05	1.3804489495143727e-04
4.6558609352295853e-05	9.2559740401258472e-02
4.5919801283686868e-05	1.0147403703959093e-01
4.5289757990362059e-05	4.4365482897888991e-04
4.4668359215096341e-05	8.6158561746288026e-02
4.4055486350655330e-05	1.0080169581233113e-01
4.3451022417157128e-05	9.7235587760245950e-04
4.2854852039743976e-05	7.9623092188044975e-02
4.2266861426560290e-05	1.0019749967836350e-01
4.1686938347033504e-05	1.7671835023202369e-03
4.1114972110452234e-05	7.2977365314327192e-02
4.0550853544838368e-05	9.9591432132763585e-02
3.9994474976109710e-05	2.8680205511734422e-03
3.9445730207527845e-05	6.6251602170754695e-02
3.8904514499428039e-05	9.8910977270503325e-02
3.8370724549227900e-05	4.3098555436945889e-03
3.7844258471709333e-05	5.9483542602029253e-02
3.7325015779572032e-05	9.8081706582263811e-02
3.6812897364253163e-05	6.1208984604349441e-03
3.6307805477010126e-05	5.2719560704722009e-02
3.5809643710263568e-05	9.7028236950093660e-02
3.5318316979195702e-05	8.3205744108527518e-03
3.4833731503601165e-05	4.6015486401578279e-02
3.4355794789987424e-05	9.5675606836506652e-02
3.3884415613920256e-05	1.0917437597884223e-02
3.3419504002611408e-05	3.9437044474905085e-02
3.2960971217745797e-05	9.3951103574864830e-02
3.2508729738543431e-05	1.3907072948683341e-02
3.2062693245054629e-05	3.3059814431326988e-02
3.1622776601683802e-05	9.1786554862997929e-02
3.1188895840939360e-05	1.7270079868322269e-02
3.0760968147407055e-05	2.6968611107899557e-02
3.0338911841942711e-05	8.9121071239285213e-02
2.9922646366081876e-05	2.0970260553673251e-02
2.9512092266663878e-05	2.1256188972530961e-02
2.9107171180666051e-05	8.5904193033055645e-02
2.8707805820246889e-05	2.4953162380046575e-02
2.8313919957993805e-05	1.6021184734741137e-02
2.7925438412373375e-05	8.2099355109049865e-02
2.7542287033381640e-05	2.9145147633750111e-02
2.7164392688390834e-05	1.1365235240833490e-02
2.6791683248190310e-05	7.7687536477636973e-02
2.6424087573219438e-05	3.3453181285344136e-02
2.6061535499988956e-05	7.3892424927476975e-03
2.5703957827688625e-05	7.2670911257605095e-02
2.5351286304979089e-05	3.7765535000675553e-02
2.5003453616964311e-05	4.1888062735967535e-03
2.4660393372343374e-05	6.7076265410065047e-02
2.4322040090738162e-05	4.1953599193667430e-02
2.3988329190194897e-05	1.8489076683896012e-03
2.3659196974857559e-05	6.0957894208113997e-02
2.3334580622810032e-05	4.5874970525760783e-02
2.3014418174085075e-05	4.3800285041303291e-04
2.2698648518838236e-05	5.4399653948068845e-02
2.2387211385683396e-05	4.9377936014106609e-02
2.2080047330188985e-05	1.7733089215213961e-06
2.1777097723531597e-05	4.7515814505610321e-02
2.1478304741305334e-05	5.2307403789511570e-02
2.1183611352485001e-05	5.5687164436929557e-04
2.0892961308540402e-05	4.0450354448426859e-02
2.0606299132699997e-05	5.4512232981984939e-02
2.0323570109362197e-05	2.0850942847073306e-03
2.0044720273651615e-05	3.3374365362434710e-02
1.9769696401118599e-05	5.5853791876451397e-02
1.9498445997580466e-05	4.5284947314120395e-03
1.9230917289101583e-05	2.6481294248562399e-02
1.8967059212111447e-05	5.6215428073453290e-02
1.8706821403658012e-05	7.7860117678711128e-03
1.8450154191794733e-05	1.9979858264315649e-02
1.8197008586099817e-05	5.5512374375239162e-02
1.7947336268325271e-05	1.1712213303763317e-02
1.7701089583174204e-05	1.4084617950274500e-02
1.7458221529205049e-05	5.3701451272176681e-02
1.7218685749860071e-05	1.6118734286877368e-02
1.6982436524617432e-05	9.0043924730613401e-03
1.6749428760264382e-05	5.0789777496616520e-02
1.6519617982290146e-05	2.0778903162071250e-02
1.6292960326397209e-05	4.9289368304459577e-03
1.6069412530128779e-05	4.6841584540955987e-02
1.5848931924611131e-05	2.5435895044466701e-02
1.5631476426409527e-05	2.0145630943478356e-03
1.5417004529495595e-05	4.1982172746392731e-02
1.5205475297324948e-05	2.9814515341406316e-02
1.4996848355023744e-05	3.6965474225716754e-04
1.4791083881682073e-05	3.6398070077421005e-02
1.4588142602753473e-05	3.3636406701162157e-02
1.4387985782558460e-05	4.1266512680942981e-05
1.4190575216890919e-05	3.0332582696198252e-02
1.3995873225726168e-05	3.6638096569109768e-02
1.3803842646028852e-05	1.0041870802632647e-03
1.3614446824659494e-05	2.4076176029413907e-02
1.3427649611378624e-05	3.8590886065167397e-02
1.3243415351946647e-05	3.1539291324090327e-03
1.3061708881318407e-05	1.7951503268518205e-02
1.2882495516931347e-05	3.9321160355267330e-02
1.2705741052085414e-05	6.3050618516625806e-03
1.2531411749414150e-05	1.2293397707990717e-02
1.2359474334445109e-05	3.8729325982720664e-02
1.2189895989248661e-05	1.0196080180653223e-02
1.2022644346174118e-05	7.4247399957754773e-03
1.1857687481671602e-05	3.6805311805113518e-02
1.1694993910198705e-05	1.4501591063951295e-02
1.1534532578210929e-05	3.6297540868426670e-03
1.1376272858234309e-05	3.3638472344065674e-02
1.1220184543019627e-05	1.8851985549690049e-02
1.1066237839776669e-05	1.1269079436544689e-03
1.0914403364487562e-05	2.9419867609356172e-02
1.0764652136298339e-05	2.2859979584346969e-02
1.0616955571987250e-05	4.4110057891287239e-05
1.0471285480508992e-05	2.4435310333316217e-02
1.0327614057613964e-05	2.6152499463968547e-02
1.0185913880541170e-05	3.9920279371109970e-04
1.0046157902783946e-05	1.9048292713860493e-02
9.9083194489276805e-06	2.8405448209078057e-02
9.7723722095581059e-06	2.0887607372736387e-03
9.6382902362396979e-06	1.3672914671189158e-02
9.5060479365628173e-06	2.9378036539403359e-02
9.3756200692587994e-06	4.8878245196593475e-03
9.2469817393822165e-06	8.7381703822276228e-03
9.1201083935590998e-06	2.8942740128473071e-02
8.9949758153003480e-06	8.4623891326900194e-03
8.8715601203796148e-06	4.6462920613890586e-03
8.7498377522743601e-06	2.7106704855534701e-02
8.6297854776696978e-06	1.2395223445011526e-02
8.5113803820237683e-06	1.7291312923485170e-03
8.3945998651939721e-06	2.4020700424719130e-02
8.2794216371233343e-06	1.6223994839411667e-02
8.1658237135859272e-06	2.0757210142729080e-04
8.0537844119906628e-06	1.9972613331916373e-02
7.9432823472428065e-06	1.9488857101056106e-02
7.8342964276621184e-06	1.5949525397642079e-04
7.7268058509570195e-06	1.5363992422468010e-02
7.6207901002541252e-06	2.1784854621026157e-02
7.5162289401820541e-06	1.5016481968152706e-03
7.4131024130091695e-06	1.0670233332380737e-02
7.3113908348341771e-06	2.2812986650084875e-02
7.2110747918289945e-06	3.9897783930982521e-03
7.1121351365332839e-06	6.3874141014308950e-03
7.0145529841997137e-06	2.2422876362775342e-02
6.9183097091893617e-06	7.2395214322831030e-03
6.8233869414166883e-06	2.9712597528992368e-03
6.7297665628431781e-06	2.0639996688579309e-02
6.6374307040190843e-06	1.0767901071892424e-02
6.5463617406727528e-06	7.7581470111197739e-04
6.4565422903465540e-06	1.7671533816312052e-02
6.3679552090791530e-06	1.4052159602237027e-02
6.2805835881331813e-06	6.9528583238038248e-07
6.1944107507678123e-06	1.3887289283178455e-02
6.1094202490557140e-06	1.6599415670824305e-02
6.0255958607435782e-06	6.5587295029735811e-04
5.9429215861557232e-06	9.7753981398032517e-03
5.8613816451402912e-06	1.8017888783619807e-02
5.7809604740571804e-06	2.5515191918917329e-03
5.7016427228074709e-06	5.8767030399715214e-03
5.6234132519034929e-06	1.8078733509573595e-02
5.5462571295791058e-06	5.3174589246148323e-03
5.4701596289397113e-06	2.7057740783295488e-03
5.3951062251512778e-06	1.6757437807704088e-02
5.3210825926679398e-06	8.4524473472744593e-03
5.2480746024977206e-06	6.7003863662773542e-04
5.1760683195056764e-06	1.4245624502024401e-02
5.1050499997540593e-06	1.1398341286906180e-02
5.0350060878790506e-06	4.7430726877495045e-07
4.9659232145033602e-06	1.0928009621581924e-02
4.8977881936844583e-06	1.3629102637447913e-02
4.8305880203977278e-06	7.0712659008306800e-04
4.7643098680541551e-06	7.3248658667754785e-03
4.6989410860521495e-06	1.4740463063569046e-02
4.6344691973628810e-06	2.5699434779119898e-03
4.5708818961487476e-06	4.0068237074206607e-03
4.5081670454146041e-06	1.4524031270699568e-02
4.4463126746910867e-06	5.1701313508471982e-03
4.3853069777498541e-06	1.4950499070416348e-03
4.3251383103500886e-06	1.3010469805319934e-02
4.2657951880159257e-06	7.9600475523931343e-03
4.2072662838444369e-06	1.6440459978355842e-04
4.1495404263436308e-06	1.0470494463559129e-02
4.0926065973001068e-06	1.0361722987574594e-02
4.0364539296760452e-06	1.6879489235723706e-04
3.9810717055349725e-06	7.3695900266183443e-03
3.9264493539959964e-06	1.1877036731677998e-02
3.8725764492161742e-06	1.4057150584975231e-03
3.8194427084004650e-06	4.2814693044198734e-03
3.7670379898390858e-06	1.2188070775983070e-02
3.7153522909717268e-06	3.5307000230532610e-03
3.6643757464783317e-06	1.7747135258829761e-03
3.6140986263961295e-06	1.1225745700411910e-02
3.5645113342624427e-06	6.0228475527952068e-03
3.5156044052829798e-06	2.9457742805768058e-04
3.4673685045253185e-06	9.1893033799894351e-03
3.4197944251370883e-06	8.2913565929222562e-03
3.3728730865886865e-06	6.5500055267430409e-05
3.3265955329400468e-06	6.5083547952821622e-03
3.2809529311311898e-06	9.8025880310810849e-03
3.2359365692962801e-06	1.0378912829514259e-03
3.1915378551007622e-06	3.7516193692885324e-03
3.1477483141013145e-06	1.0200161542535570e-02
3.1045595881283524e-06	2.8948400497386924e-03
3.0619634336906777e-06	1.4995889928058042e-03
3.0199517204020146e-06	9.3893772002450818e-03
2.9785164294291913e-06	5.1215574266555500e-03
2.9376496519615305e-06	2.0891311229842324e-04
2.8973435877013209e-06	7.5630466451815726e-03
2.8575905433749481e-06	7.1251616706060001e-03
2.8183829312644530e-06	1.0115043808223404e-04
2.7797132677592860e-06	5.1582413607075498e-03
2.7415741719278832e-06	8.3784692946180378e-03
2.7039583641088425e-06	1.1054854731415984e-03
2.6668586645214769e-06	2.7502210592642933e-03
2.6302679918953821e-06	8.5527194079696878e-03
2.5941793621188124e-06	2.8737018695568681e-03
2.5585858869056470e-06	9.0695427636563607e-04
2.5234807724805741e-06	7.6038153710707244e-03
2.4888573182823889e-06	4.8680650102237754e-03
2.4547089156850309e-06	4.0425000640133312e-05
2.4210290467361774e-06	5.7860617971291356e-03
2.3878112829131751e-06	6.5028798176925973e-03
2.3550492838960097e-06	2.9502727363099910e-04
2.3227367963571056e-06	3.5852246527425138e-03
2.2908676527677743e-06	7.3037899649880805e-03
2.2594357702209776e-06	1.5063521028657514e-03
2.2284351492703022e-06	1.5850006082743574e-03
2.1978598727848259e-06	7.0407477948256905e-03
2.1677041048196942e-06	3.2461287054423808e-03
2.1379620895022301e-06	3.0155905093230657e-04
2.1086281499332901e-06	5.7946437866079961e-03
2.0796966871036947e-06	4.9449221390301893e-03
2.0511621788255634e-06	3.3150681689258989e-05
2.0230191786782716e-06	3.9342407669953347e-03
1.9952623149688783e-06	6.0600459658837046e-03
1.9678862897068460e-06	7.7089090750958580e-04
1.9408858775927780e-06	2.0057331944179071e-03
1.9142559250210841e-06	6.2396749487844344e-03
1.8879913490962941e-06	2.2013055087388208e-03
1.8620871366628669e-06	5.6483828885702002e-04
1.8365383433483446e-06	5.4316455421800870e-03
1.8113400926196028e-06	3.8043072968196694e-03
1.7864875748520497e-06	1.9717895994293292e-06
1.7619760464116302e-06	3.8994920760299671e-03
1.7378008287493755e-06	5.0195258849545241e-03
1.7139573075084242e-06	4.1695797964984250e-04
1.6904409316432649e-06	2.1361833721033454e-03
1.6672472125510623e-06	5.4293190818747407e-03
1.6443717232149303e-06	1.5870720876541367e-03
1.6218100973589304e-06	6.9984559294335700e-04
1.5995580286146682e-06	4.8975992277153413e-03
1.5776112696993469e-06	3.0432696858242797e-03
1.5559656316050746e-06	2.4261066580763455e-05
1.5346169827992934e-06	3.6148551805227844e-03
1.5135612484362089e-06	4.2326815944846129e-03
1.4927944095789960e-06	2.6925077847990723e-04
1.4723125024327177e-06	2.0297261932545399e-03
1.4521116175877428e-06	4.7133275149418650e-03
1.4321878992735430e-06	1.2658447336780019e-03
1.4125375446227529e-06	6.8724889079858811e-04
1.3931568029453034e-06	4.3119317515997639e-03
1.3740419750125145e-06	2.5797783682311574e-03
1.3551894123510370e-06	2.9568080085775318e-05
1.3365955165464422e-06	3.1852438831293695e-03
1.3182567385564061e-06	3.6740206622366631e-03
1.3001695780332910e-06	2.3234108495444425e-04
1.2823305826560213e-06	1.7583263554819006e-03
1.2647363474711502e-06	4.1121609587606561e-03
1.2473835142429433e-06	1.1405439109276930e-03
1.2302687708123811e-06	5.5933406145744990e-04
1.2133888504649759e-06	3.7253205365001879e-03
1.1967405313072435e-06	2.3319662704764234e-03
1.1803206356517289e-06	1.2230663156167985e-05
1.1641260294104919e-06	2.6755066566346354e-03
1.1481536214968827e-06	3.2871823501771889e-03
1.1324003632355562e-06	2.6910013156795454e-04
1.1168632477805614e-06	1.3866883266429957e-03
1.1015393095414147e-06	3.6003042416220938e-03
1.0864256236170645e-06	1.1516867665061338e-03
1.0715193052376066e-06	3.6800922963726616e-04
1.0568175092136580e-06	3.1445605517884875e-03
1.0423174293933030e-06	2.2295969378545834e-03
1.0280162981264734e-06	1.7874487975422568e-07
1.0139113857366788e-06	2.1216391011374854e-03
1.0000000000000004e-06	3.0056819998414107e-03
