1.0000000000000000e+00	2.6999999999999999e-05
9.9999723690170572e-01	2.7000186700276789e-05
9.9999447381104623e-01	2.7000373377521276e-05
9.9999171072802140e-01	2.7000560033299499e-05
9.8627948563121048e-01	2.8204096675081151e-05
9.7274722377696510e-01	2.9477241990881590e-05
9.5940063151593313e-01	3.0757145630574586e-05
9.4623716136579306e-01	3.2120222916811350e-05
9.3325430079699101e-01	3.3510385814941873e-05
9.2044957175317133e-01	3.4939010223615186e-05
9.0782053017818576e-01	3.6454297603092405e-05
8.9536476554959377e-01	3.7963369975112242e-05
8.8307990041856277e-01	3.9572760215760155e-05
8.7096358995608059e-01	4.1209222606855019e-05
8.5901352150539567e-01	4.2878412413647637e-05
8.4722741414059644e-01	4.4656691218974006e-05
8.3560301823124805e-01	4.6409204411337638e-05
8.2413811501300227e-01	4.8280729202370855e-05
8.1283051616409929e-01	5.0179685956678519e-05
8.0167806338767911e-01	5.2098837284655042e-05
7.9067862799982513e-01	5.4155613940267073e-05
7.7983011052325868e-01	5.6159593355934077e-05
7.6913044028660960e-01	5.8301906863006032e-05
7.5857757502918377e-01	6.0473998741343976e-05
7.4816950051115438e-01	6.2644609267081738e-05
7.3790423012910100e-01	6.4988880672689419e-05
7.2777980453682412e-01	6.7245652880033345e-05
7.1779429127136174e-01	6.9659125510532026e-05
7.0794578438413791e-01	7.2109237573626987e-05
6.9823240407717135e-01	7.4524611714817777e-05
6.8865229634427605e-01	7.7158398286880021e-05
6.7920363261718453e-01	7.9663215810078574e-05
6.6988460941652639e-01	8.2339703698227428e-05
6.6069344800759600e-01	8.5067661073429048e-05
6.5162839406084272e-01	8.7713776705403463e-05
6.4268771731701968e-01	9.0632435440133816e-05
6.3386971125692693e-01	9.3376219343865291e-05
6.2517269277568577e-01	9.6299805983682417e-05
6.1659500186148219e-01	9.9301861241766654e-05
6.0813500127871789e-01	1.0215938010422591e-04
5.9979107625550943e-01	1.0535258071821136e-04
5.9156163417547392e-01	1.0832456096931241e-04
5.8344510427374474e-01	1.1147315845919257e-04
5.7543993733715693e-01	1.1474394181016487e-04
5.6754460540854712e-01	1.1779111645023465e-04
5.5975760149511011e-01	1.2124419857178110e-04
5.5207743928075736e-01	1.2443501685834607e-04
5.4450265284242116e-01	1.2778256246839164e-04
5.3703179637025278e-01	1.3131702832571411e-04
5.2966344389165787e-01	1.3453310587275156e-04
5.2239618899911977e-01	1.3822846723690201e-04
5.1522864458175643e-01	1.4163320643399235e-04
5.0815944256056056e-01	1.4515214007099669e-04
5.0118723362727224e-01	1.4894703691183765e-04
4.9431068698683539e-01	1.5231572580231331e-04
4.8752849010338634e-01	1.5623394418674797e-04
4.8083934844972853e-01	1.5985458022365015e-04
4.7424198526024469e-01	1.6351834738774791e-04
4.6773514128719818e-01	1.6757285376254086e-04
4.6131757456037936e-01	1.7108549014581688e-04
4.5498806015004856e-01	1.7520603043498883e-04
4.4874538993313212e-01	1.7905292921045163e-04
4.4258837236262655e-01	1.8283838347274737e-04
4.3651583224016599e-01	1.8715374156382192e-04
4.3052661049171065e-01	1.9081191239348817e-04
4.2461956394631289e-01	1.9511345998836954e-04
4.1879356511791838e-01	1.9920570122042958e-04
4.1304750199016133e-01	2.0309541901571777e-04
4.0738027780411273e-01	2.0767359906888710e-04
4.0179081084893992e-01	2.1149108473984785e-04
3.9627803425543945e-01	2.1595172203695150e-04
3.9084089579240200e-01	2.2031617011887859e-04
3.8547835766577182e-01	2.2430078371423005e-04
3.8018939632056120e-01	2.2914238779500249e-04
3.7497300224548352e-01	2.3314633494230574e-04
3.6982817978026616e-01	2.3774390214487235e-04
3.6475394692560781e-01	2.4241303965944435e-04
3.5974933515574231e-01	2.4649370912770802e-04
3.5481338923357547e-01	2.5159545964339465e-04
3.4994516702835721e-01	2.5582667365040110e-04
3.4514373933585618e-01	2.6053971358722502e-04
3.4040818970100084e-01	2.6554831800792815e-04
3.3573761424295462e-01	2.6973939136489889e-04
3.3113112148259105e-01	2.7509165786605421e-04
3.2658783217233578e-01	2.7960383367294308e-04
3.2210687912834346e-01	2.8441350942619986e-04
3.1768740706497706e-01	2.8979432040033225e-04
3.1332857243155854e-01	2.9412608089544645e-04
3.0902954325135906e-01	2.9971099116654718e-04
3.0478949896279833e-01	3.0456861844238944e-04
3.0060763026282311e-01	3.0946190952323399e-04
2.9648313895243428e-01	3.1524053986929776e-04
2.9241523778433354e-01	3.1976172890697390e-04
2.8840315031266062e-01	3.2555248970278787e-04
2.8444611074479159e-01	3.3082712250220527e-04
2.8054336379517136e-01	3.3580144080299918e-04
2.7669416454115114e-01	3.4199095589728334e-04
2.7289777828080403e-01	3.4677051620438738e-04
2.6915348039269155e-01	3.5273261771554318e-04
2.6546055619755393e-01	3.5849724089269733e-04
2.6181830082189850e-01	3.6356634730553785e-04
2.5822601906345960e-01	3.7016218141744633e-04
2.5468302525850411e-01	3.7528942803288502e-04
2.5118864315095801e-01	3.8138438457416106e-04
2.4774220576332853e-01	3.8770578868159325e-04
2.4434305526939717e-01	3.9290652429701736e-04
2.4099054286865948e-01	3.9988269666658749e-04
2.3768402866248767e-01	4.0546495299599464e-04
2.3442288153199223e-01	4.1165708233097207e-04
2.3120647901755947e-01	4.1858651375444722e-04
2.2803420720004183e-01	4.2398539334052469e-04
2.2490546058357813e-01	4.3129327421067426e-04
2.2181964198002191e-01	4.3744999015980058e-04
2.1877616239495523e-01	4.4371638878262635e-04
2.1577444091526662e-01	4.5127928528927285e-04
2.1281390459827118e-01	4.5697747936336781e-04
2.0989398836235240e-01	4.6454854062863118e-04
2.0701413487910419e-01	4.7140114199330490e-04
2.0417379446695291e-01	4.7774441677180473e-04
2.0137242498623881e-01	4.8593073739503802e-04
1.9860949173573714e-01	4.9206549201859240e-04
1.9588446735059897e-01	4.9981942622128481e-04
1.9319683170169238e-01	5.0747673162627647e-04
1.9054607179632471e-01	5.1393918020212290e-04
1.8793168168032684e-01	5.2269659057926660e-04
1.8535316234148114e-01	5.2943686781208683e-04
1.8281002161427429e-01	5.3729601894994300e-04
1.8030177408595691e-01	5.4583606906802404e-04
1.7782794100389229e-01	5.5251291829127344e-04
1.7538805018417614e-01	5.6174571005604282e-04
1.7298163592151014e-01	5.6928000555920709e-04
1.7060823890031232e-01	5.7719008272866061e-04
1.6826740610704671e-01	5.8664063320675746e-04
1.6595869074375605e-01	5.9368882072391026e-04
1.6368165214278085e-01	6.0326565114247074e-04
1.6143585568264862e-01	6.1178081254662300e-04
1.5922087270511701e-01	6.1973627662937291e-04
1.5703628043335524e-01	6.3005783805749683e-04
1.5488166189124813e-01	6.3769598354456358e-04
1.5275660582380726e-01	6.4746898596273713e-04
1.5066070661867420e-01	6.5712061477001590e-04
1.4859356422870071e-01	6.6519100889616243e-04
1.4655478409559117e-01	6.7626780387917528e-04
1.4454397707459277e-01	6.8476294286301824e-04
1.4256075936021884e-01	6.9459915851085153e-04
1.4060475241299139e-01	7.0547684796407105e-04
1.3867558288718887e-01	7.1382799443879162e-04
1.3677288255958489e-01	7.2547297096684264e-04
1.3489628825916533e-01	7.3511087898151938e-04
1.3304544179780911e-01	7.4493410578694674e-04
1.3121998990192030e-01	7.5702803986975851e-04
1.2941958414499863e-01	7.6593008227928631e-04
1.2764388088113438e-01	7.7790946898655643e-04
1.2589254117941673e-01	7.8894846113484291e-04
1.2416523075924110e-01	7.9878561116725070e-04
1.2246161992650484e-01	8.1196417849551533e-04
1.2078138351067802e-01	8.2177787685557479e-04
1.1912420080273746e-01	8.3385801615921658e-04
1.1748975549395295e-01	8.4647107007570501e-04
1.1587773561551258e-01	8.5649256958671908e-04
1.1428783347897717e-01	8.7050243970391965e-04
1.1271974561755102e-01	8.8163709520249389e-04
1.1117317272815913e-01	8.9365106599182959e-04
1.0964781961431848e-01	9.0786738250587563e-04
1.0814339512979380e-01	9.1840728874519560e-04
1.0665961212302577e-01	9.3290640465874851e-04
1.0519618738232230e-01	9.4574828686506463e-04
1.0375284158180124e-01	9.5767238592324021e-04
1.0232929922807543e-01	9.7333551760651698e-04
1.0092528860766843e-01	9.8487579198588905e-04
9.9540541735152713e-02	9.9950463799696647e-04
9.8174794301998436e-02	1.0143239960229296e-03
9.6827785626124888e-02	1.0263457476393197e-03
9.5499258602143589e-02	1.0431087261016673e-03
9.4188959652284118e-02	1.0562157822379397e-03
9.2896638677993637e-02	1.0707025016490914e-03
9.1622049012199960e-02	1.0875588202827911e-03
9.0364947372230151e-02	1.1001113739142539e-03
8.9125093813374537e-02	1.1174869731659235e-03
8.7902251683088434e-02	1.1326990243636155e-03
8.6696187575821648e-02	1.1469803030744823e-03
8.5506671288468339e-02	1.1656560914317775e-03
8.4333475776427524e-02	1.1793924289282354e-03
8.3176377110267111e-02	1.1968664951075058e-03
8.2035154432981816e-02	1.2145473428600991e-03
8.0909589917838240e-02	1.2288722982169381e-03
7.9799468726797648e-02	1.2488703549556170e-03
7.8704578969509872e-02	1.2645588883336118e-03
7.7624711662869175e-02	1.2817560531387003e-03
7.6559660691125617e-02	1.3019514958840773e-03
7.5509222766543385e-02	1.3169253649428793e-03
7.4473197390598891e-02	1.3375577977632258e-03
7.3451386815711492e-02	1.3559014789045563e-03
7.2443596007498987e-02	1.3727681380573326e-03
7.1449632607551328e-02	1.3951179610653206e-03
7.0469306896714684e-02	1.4116433707750265e-03
6.9502431758879685e-02	1.4322192450556500e-03
6.8548822645266141e-02	1.4536317451765042e-03
6.7608297539198184e-02	1.4705774844851185e-03
6.6680676921362203e-02	1.4943392264295116e-03
6.5765783735542052e-02	1.5134323543564987e-03
6.4863443354823830e-02	1.5335157497834502e-03
6.3973483548264820e-02	1.5579223207778986e-03
6.3095734448019317e-02	1.5758486224265842e-03
6.2230028516915954e-02	1.6000701408126967e-03
6.1376200516479414e-02	1.6225699231919544e-03
6.0534087475391338e-02	1.6422388206979001e-03
5.9703528658383687e-02	1.6689910387573813e-03
5.8884365535558883e-02	1.6891479559722844e-03
5.8076441752131204e-02	1.7129811771326368e-03
5.7279603098582911e-02	1.7392249173761134e-03
5.6493697481230253e-02	1.7592282508620475e-03
5.5718574893192978e-02	1.7872134799511150e-03
5.4954087385762455e-02	1.8108709065953804e-03
5.4200089040162380e-02	1.8339560444394221e-03
5.3456435939697171e-02	1.8635443593510699e-03
5.2722986142282269e-02	1.8852499289826745e-03
5.1999599653351603e-02	1.9132265566974783e-03
5.1286138399136483e-02	1.9412247108158759e-03
5.0582466200311413e-02	1.9640116510378177e-03
4.9888448746001214e-02	1.9958003870955928e-03
4.9203953568145102e-02	2.0208701999898347e-03
4.8528850016212099e-02	2.0479719700015244e-03
4.7863009232263824e-02	2.0803030604392299e-03
4.7206304126359053e-02	2.1041442167674001e-03
4.6558609352295881e-02	2.1365547445094304e-03
4.5919801283686862e-02	2.1663842177950263e-03
4.5289757990362063e-02	2.1926347541213029e-03
4.4668359215096314e-02	2.2282610478141594e-03
4.4055486350655322e-02	2.2551417796879808e-03
4.3451022417157155e-02	2.2867681265439743e-03
4.2854852039743943e-02	2.3218599136751836e-03
4.2266861426560297e-02	2.3484641208257849e-03
4.1686938347033534e-02	2.3855485234117809e-03
4.1114972110452230e-02	2.4174396034105454e-03
4.0550853544838381e-02	2.4477776690083174e-03
3.9994474976109751e-02	2.4873308952091827e-03
3.9445730207527840e-02	2.5165164443279350e-03
3.8904514499428063e-02	2.5531060836663081e-03
3.8370724549227873e-02	2.5911126913349654e-03
3.7844258471709323e-02	2.6211023616781017e-03
3.7325015779572056e-02	2.6631045065214467e-03
3.6812897364253132e-02	2.6974181871870688e-03
3.6307805477010131e-02	2.7324048668336928e-03
3.5809643710263593e-02	2.7760742388350354e-03
3.5318316979195699e-02	2.8081095771350173e-03
3.4833731503601174e-02	2.8500658434057369e-03
3.4355794789987466e-02	2.8912842472608958e-03
3.3884415613920249e-02	2.9252486539054906e-03
3.3419504002611428e-02	2.9724636416504258e-03
3.2960971217745771e-02	3.0096642578381631e-03
3.2508729738543442e-02	3.0498053600823819e-03
3.2062693245054653e-02	3.0979088561728951e-03
3.1622776601683798e-02	3.1333562509736441e-03
3.1188895840939368e-02	3.1810814774983205e-03
3.0760968147407086e-02	3.2259486639740938e-03
3.0338911841942703e-02	3.2644302539059818e-03
2.9922646366081884e-02	3.3172406680488211e-03
2.9512092266663854e-02	3.3578726239016665e-03
2.9107171180666046e-02	3.4036319707681367e-03
2.8707805820246908e-02	3.4566338829250549e-03
2.8313919957993785e-02	3.4960517505983548e-03
2.7925438412373382e-02	3.5499751281645900e-03
2.7542287033381661e-02	3.5990639937599467e-03
2.7164392688390826e-02	3.6425541811498062e-03
2.6791683248190312e-02	3.7014544357304954e-03
2.6424087573219467e-02	3.7461287931216136e-03
2.6061535499988950e-02	3.7979399430399870e-03
2.5703957827688639e-02	3.8564620152391001e-03
2.5351286304979074e-02	3.9003962823088074e-03
2.5003453616964315e-02	3.9609906892284627e-03
2.4660393372343391e-02	4.0150111212330251e-03
2.4322040090738156e-02	4.0639509520891742e-03
2.3988329190194904e-02	4.1295601546235223e-03
2.3659196974857577e-02	4.1789547126127886e-03
2.3334580622810026e-02	4.2372258401373814e-03
2.3014418174085078e-02	4.3020558923743159e-03
2.2698648518838217e-02	4.3510434641305775e-03
2.2387211385683392e-02	4.4188282749783999e-03
2.2080047330189000e-02	4.4786376924494031e-03
2.1777097723531584e-02	4.5334205614044653e-03
2.1478304741305340e-02	4.6064837605603705e-03
2.1183611352485015e-02	4.6613592267469844e-03
2.0892961308540396e-02	4.7264680587815779e-03
2.0606299132699998e-02	4.7985676280131971e-03
2.0323570109362220e-02	4.8531528725260214e-03
2.0044720273651610e-02	4.9286803114722208e-03
1.9769696401118610e-02	4.9953056279252806e-03
1.9498445997580452e-02	5.0562821081862911e-03
1.9230917289101587e-02	5.1376579013334700e-03
1.8967059212111462e-02	5.1988924874387743e-03
1.8706821403658001e-02	5.2711706357471081e-03
1.8450154191794736e-02	5.3516797522513530e-03
1.8197008586099829e-02	5.4124472872134578e-03
1.7947336268325266e-02	5.4962700522597080e-03
1.7701089583174213e-02	5.5709402069272843e-03
1.7458221529205030e-02	5.6384289321060191e-03
1.7218685749860067e-02	5.7290587349169376e-03
1.6982436524617443e-02	5.7977032055194968e-03
1.6749428760264379e-02	5.8774125119093103e-03
1.6519617982290142e-02	5.9676452899565394e-03
1.6292960326397220e-02	6.0352751418275546e-03
1.6069412530128776e-02	6.1278937844266440e-03
1.5848931924611141e-02	6.2120779129772137e-03
1.5631476426409534e-02	6.2863913414378378e-03
1.5417004529495593e-02	6.3872430082215674e-03
1.5205475297324958e-02	6.4645966287379068e-03
1.4996848355023728e-02	6.5519051316221752e-03
1.4791083881682069e-02	6.6533244656456839e-03
1.4588142602753483e-02	6.7286777870761670e-03
1.4387985782558456e-02	6.8304691481894065e-03
1.4190575216890915e-02	6.9259091841108429e-03
1.3995873225726178e-02	7.0074087191264742e-03
1.3803842646028849e-02	7.1193860668708007e-03
1.3614446824659503e-02	7.2070893160173198e-03
1.3427649611378633e-02	7.3020620189105639e-03
1.3243415351946643e-02	7.4162159910813033e-03
1.3061708881318416e-02	7.5004591255953216e-03
1.2882495516931344e-02	7.6115938942458274e-03
1.2705741052085412e-02	7.7203112592569584e-03
1.2531411749414158e-02	7.8095114206001726e-03
1.2359474334445106e-02	7.9333239298196596e-03
1.2189895989248670e-02	8.0334542152454263e-03
1.2022644346174125e-02	8.1360842033283750e-03
1.1857687481671601e-02	8.2644828004998332e-03
1.1694993910198712e-02	8.3592515898557092e-03
1.1534532578210917e-02	8.4796217308898136e-03
1.1376272858234306e-02	8.6038663216676681e-03
1.1220184543019634e-02	8.7016095425397674e-03
1.1066237839776666e-02	8.8376066121120134e-03
1.0914403364487560e-02	8.9527468382934305e-03
1.0764652136298347e-02	9.0630638805788578e-03
1.0616955571987247e-02	9.2069764572400205e-03
1.0471285480508997e-02	9.3145672177585050e-03
1.0327614057613970e-02	9.4437636022410808e-03
1.0185913880541167e-02	9.5858626852370395e-03
1.0046157902783952e-02	9.6935793342964281e-03
9.9083194489276785e-03	9.8415751309172701e-03
9.7723722095581032e-03	9.9748020567720502e-03
9.6382902362397039e-03	1.0093103618736096e-02
9.5060479365628153e-03	1.0253272120287054e-02
9.3756200692587978e-03	1.0376816609593645e-02
9.2469817393822235e-03	1.0514221515165713e-02
9.1201083935590968e-03	1.0676284058302598e-02
8.9949758153003538e-03	1.0796328240294865e-02
8.8715601203796044e-03	1.0955479244578325e-02
8.7498377522743590e-03	1.1110194281957191e-02
8.6297854776697033e-03	1.1237437555165810e-02
8.5113803820237675e-03	1.1413736602942155e-02
8.3945998651939711e-03	1.1557274676335607e-02
8.2794216371233405e-03	1.1702354183434896e-02
8.1658237135859239e-03	1.1885806011191144e-02
8.0537844119906686e-03	1.2021807634472964e-02
7.9432823472428121e-03	1.2190652619381707e-02
7.8342964276621168e-03	1.2370166054446147e-02
7.7268058509570242e-03	1.2508523077988474e-02
7.6207901002541233e-03	1.2699662376182390e-02
7.5162289401820527e-03	1.2867976191793463e-02
7.4131024130091741e-03	1.3020854805587199e-02
7.3113908348341758e-03	1.3225839464135424e-02
7.2110747918289926e-03	1.3382933470696723e-02
7.1121351365332885e-03	1.3559749485740631e-02
7.0145529841997125e-03	1.3766555778902871e-02
6.9183097091893662e-03	1.3920048729278534e-02
6.8233869414166927e-03	1.4123501955020096e-02
6.7297665628431765e-03	1.4321545176634884e-02
6.6374307040190884e-03	1.4483888567916466e-02
6.5463617406727511e-03	1.4708682074357226e-02
6.4565422903465524e-03	1.4893380593865536e-02
6.3679552090791566e-03	1.5077013163619856e-02
6.2805835881331795e-03	1.5311794453100715e-02
6.1944107507678160e-03	1.5486786458710688e-02
6.1094202490557178e-03	1.5699215606787623e-02
6.0255958607435770e-03	1.5931008921680805e-02
5.9429215861557276e-03	1.6107095493333348e-02
5.8613816451402847e-03	1.6347843246457203e-02
5.7809604740571788e-03	1.6567253587245589e-02
5.7016427228074743e-03	1.6758487395488096e-02
5.6234132519034918e-03	1.7019081434531316e-02
5.5462571295791050e-03	1.7224225512438237e-02
5.4701596289397150e-03	1.7442684156168366e-02
5.3951062251512763e-03	1.7709719624502185e-02
5.3210825926679438e-03	1.7907332654883940e-02
5.2480746024977237e-03	1.8158569163188452e-02
5.1760683195056752e-03	1.8418722259224786e-02
5.1050499997540629e-03	1.8622006485729887e-02
5.0350060878790494e-03	1.8902857506148594e-02
4.9659232145033592e-03	1.9147993543260560e-02
4.8977881936844610e-03	1.9372031150113468e-02
4.8305880203977272e-03	1.9671578628031035e-02
4.7643098680541585e-03	1.9902049945559698e-02
4.6989410860521531e-03	2.0158480844618434e-02
4.6344691973628799e-03	2.0461839844767932e-02
4.5708818961487513e-03	2.0686749572330076e-02
4.5081670454145996e-03	2.0979616171431424e-02
4.4463126746910860e-03	2.1273226114391971e-02
4.3853069777498570e-03	2.1507569810769747e-02
4.3251383103500877e-03	2.1831764035816464e-02
4.2657951880159251e-03	2.2108324184746866e-02
4.2072662838444396e-03	2.2368045687953551e-02
4.1495404263436298e-03	2.2710881951488571e-02
4.0926065973001099e-03	2.2972196521568500e-02
4.0364539296760477e-03	2.3268881149272513e-02
3.9810717055349717e-03	2.3614273054295584e-02
3.9264493539959986e-03	2.3871021644393468e-02
3.8725764492161733e-03	2.4208002392793582e-02
3.8194427084004643e-03	2.4541859359292487e-02
3.7670379898390883e-03	2.4810393021420400e-02
3.7153522909717258e-03	2.5181523222348481e-02
3.6643757464783306e-03	2.5496578710916800e-02
3.6140986263961316e-03	2.5793840663377563e-02
3.5645113342624422e-03	2.6185310048976739e-02
3.5156044052829820e-03	2.6483790796877946e-02
3.4673685045253149e-03	2.6822025643553297e-02
3.4197944251370877e-03	2.7216641558542067e-02
3.3728730865886887e-03	2.7509922717780050e-02
3.3265955329400457e-03	2.7892830703147530e-02
3.2809529311311888e-03	2.8275424581084087e-02
3.2359365692962820e-03	2.8580815830206066e-02
3.1915378551007618e-03	2.9002303109944970e-02
3.1477483141013167e-03	2.9364580124610604e-02
3.1045595881283544e-03	2.9700287939240001e-02
3.0619634336906767e-03	3.0146159388166439e-02
3.0199517204020166e-03	3.0489499739539249e-02
2.9785164294291906e-03	3.0869319124993889e-02
2.9376496519615300e-03	3.1321394867144761e-02
2.8973435877013226e-03	3.1656776483512047e-02
2.8575905433749472e-03	3.2086068764092188e-02
2.8183829312644522e-03	3.2527509768707719e-02
2.7797132677592879e-03	3.2872621435370571e-02
2.7415741719278826e-03	3.3346697715648632e-02
2.7039583641088444e-03	3.3766989488390860e-02
2.6668586645214785e-03	3.4141430940734116e-02
2.6302679918953813e-03	3.4646753025150197e-02
2.5941793621188144e-03	3.5044919644873579e-02
2.5585858869056465e-03	3.5464886731341766e-02
2.5234807724805737e-03	3.5982719974480014e-02
2.4888573182823906e-03	3.6367883997937514e-02
2.4547089156850307e-03	3.6841802950646048e-02
2.4210290467361791e-03	3.7353302403583331e-02
2.3878112829131769e-03	3.7742488676347108e-02
2.3550492838960092e-03	3.8268733988139826e-02
2.3227367963571072e-03	3.8760078518495278e-02
2.2908676527677719e-03	3.9173926477404766e-02
2.2594357702209770e-03	3.9741166533591853e-02
2.2284351492703035e-03	4.0207371829874793e-02
2.1978598727848252e-03	4.0664944782945994e-02
2.1677041048196936e-03	4.1254975020257281e-02
2.1379620895022318e-03	4.1701407530638147e-02
2.1086281499332893e-03	4.2215449771071840e-02
2.0796966871036962e-03	4.2807756683921443e-02
2.0511621788255646e-03	4.3249013414097107e-02
2.0230191786782714e-03	4.3822813390399777e-02
1.9952623149688798e-03	4.4399703066855534e-02
1.9678862897068452e-03	4.4856217874036645e-02
1.9408858775927774e-03	4.5482783985315342e-02
1.9142559250210855e-03	4.6033800850723013e-02
1.8879913490962936e-03	4.6527086769101521e-02
1.8620871366628680e-03	4.7190765206140524e-02
1.8365383433483458e-03	4.7715342910282343e-02
1.8113400926196024e-03	4.8263051639221649e-02
1.7864875748520510e-03	4.8943147462088832e-02
1.7619760464116282e-03	4.9450908277322063e-02
1.7378008287493750e-03	5.0062851136978476e-02
1.7139573075084253e-03	5.0738372631935987e-02
1.6904409316432646e-03	5.1247085034596497e-02
1.6672472125510620e-03	5.1923067770638195e-02
1.6443717232149312e-03	5.2577490016186688e-02
1.6218100973589300e-03	5.3109241199540622e-02
1.5995580286146693e-03	5.3839117122281233e-02
1.5776112696993480e-03	5.4464098252683363e-02
1.5559656316050741e-03	5.5040604919249385e-02
1.5346169827992944e-03	5.5806456378829569e-02
1.5135612484362085e-03	5.6403722167479360e-02
1.4927944095789957e-03	5.7041823573808208e-02
1.4723125024327186e-03	5.7821740486560379e-02
1.4521116175877425e-03	5.8402799827121640e-02
1.4321878992735427e-03	5.9111060029049645e-02
1.4125375446227540e-03	5.9883677342626160e-02
1.3931568029453031e-03	6.0467523047995998e-02
1.3740419750125155e-03	6.1244575330923062e-02
1.3551894123510354e-03	6.1993413383593009e-02
1.3365955165464418e-03	6.2602777786296179e-02
1.3182567385564071e-03	6.3437656604431847e-02
1.3001695780332906e-03	6.4154395923476326e-02
1.2823305826560210e-03	6.4811382332242609e-02
1.2647363474711511e-03	6.5685689678355336e-02
1.2473835142429431e-03	6.6371776265500990e-02
1.2302687708123819e-03	6.7093742786838384e-02
1.2133888504649768e-03	6.7985157976538604e-02
1.1967405313072434e-03	6.8651507365969672e-02
1.1803206356517297e-03	6.9447957437863195e-02
1.1641260294104918e-03	7.0334376237330118e-02
1.1481536214968825e-03	7.0999333749501195e-02
1.1324003632355569e-03	7.1870319626835877e-02
1.1168632477805613e-03	7.2733833317907892e-02
1.1015393095414143e-03	7.3419867919753606e-02
1.0864256236170651e-03	7.4356103146297370e-02
1.0715193052376064e-03	7.5186106014553319e-02
1.0568175092136587e-03	7.5915907597041601e-02
1.0423174293933035e-03	7.6900473007098152e-02
1.0280162981264732e-03	7.7695393171339666e-02
1.0139113857366795e-03	7.8488087702566378e-02
1.0000000000000002e-03	7.9499352978935442e-02
9.8627948563121000e-04	8.0266786064906670e-02
9.7274722377696488e-04	8.1134894885402153e-02
9.5940063151593320e-04	8.2150100937085607e-02
9.4623716136579329e-04	8.2905425274469147e-02
9.3325430079699073e-04	8.3853011453176682e-02
9.2044957175317123e-04	8.4851889067459232e-02
9.0782053017818580e-04	8.5615694681765067e-02
8.9536476554959328e-04	8.6637907045126056e-02
8.8307990041856246e-04	8.7605747686887309e-02
8.7096358995608061e-04	8.8400576916292342e-02
8.5901352150539588e-04	8.9484565023180251e-02
8.4722741414059604e-04	9.0414294680016979e-02
8.3560301823124776e-04	9.1261252312714411e-02
8.2413811501300224e-04	9.2388219203869262e-02
8.1283051616409937e-04	9.3281223969422816e-02
8.0167806338767879e-04	9.4196975865285179e-02
7.9067862799982495e-04	9.5344985735320145e-02
7.7983011052325875e-04	9.6210657247973549e-02
7.6913044028660983e-04	9.7205221867807778e-02
7.5857757502918342e-04	9.8352302048766854e-02
7.4816950051115425e-04	9.9206470972619629e-02
7.3790423012910105e-04	1.0028204922903101e-01
7.2777980453682433e-04	1.0140912402058450e-01
7.1779429127136153e-04	1.0227169851517966e-01
7.0794578438413780e-04	1.0342261497566635e-01
6.9823240407717148e-04	1.0451587566530635e-01
6.8865229634427572e-04	1.0540808184815417e-01
6.7920363261718430e-04	1.0662175077678140e-01
6.6988460941652640e-04	1.0767418448540327e-01
6.6069344800759615e-04	1.0861581539701336e-01
6.5162839406084235e-04	1.0987451769073067e-01
6.4268771731701944e-04	1.1088646354291530e-01
6.3386971125692696e-04	1.1189349281853948e-01
6.2517269277568600e-04	1.1317666653176635e-01
6.1659500186148194e-04	1.1415541515987988e-01
6.0813500127871779e-04	1.1523823974944579e-01
5.9979107625550941e-04	1.1652495249764971e-01
5.9156163417547418e-04	1.1748353112594863e-01
5.8344510427374451e-04	1.1864599453721894e-01
5.7543993733715686e-04	1.1991727891949919e-01
5.6754460540854720e-04	1.2087265324906507e-01
5.5975760149510982e-04	1.2211188579459664e-01
5.5207743928075716e-04	1.2335267154724237e-01
5.4450265284242117e-04	1.2432364018325569e-01
5.3703179637025283e-04	1.2563065051780423e-01
5.2966344389165758e-04	1.2683110741932579e-01
5.2239618899911969e-04	1.2783616590698849e-01
5.1522864458175641e-04	1.2919703891750195e-01
5.0815944256056068e-04	1.3035323808933968e-01
5.0118723362727209e-04	1.3140865542928040e-01
4.9431068698683534e-04	1.3280616078602828e-01
4.8752849010338635e-04	1.3392005451811587e-01
4.8083934844972865e-04	1.3503834659489020e-01
4.7424198526024446e-04	1.3645374132420010e-01
4.6773514128719813e-04	1.3753254068686674e-01
4.6131757456037940e-04	1.3872145452048365e-01
4.5498806015004833e-04	1.4013626963828907e-01
4.4874538993313202e-04	1.4119135658198254e-01
4.4258837236262652e-04	1.4245340766838610e-01
4.3651583224016600e-04	1.4385103827906040e-01
4.3052661049171044e-04	1.4489658089465143e-01
4.2461956394631277e-04	1.4622912170866792e-01
4.1879356511791832e-04	1.4759608520965001e-01
4.1304750199016145e-04	1.4864753184944418e-01
4.0738027780411255e-04	1.5004327858258232e-01
4.0179081084893982e-04	1.5137005904345707e-01
3.9627803425543943e-04	1.5244267293101396e-01
3.9084089579240211e-04	1.5389058272509551e-01
3.8547835766577165e-04	1.5517203363941862e-01
3.8018939632056113e-04	1.5627960025853738e-01
3.7497300224548355e-04	1.5776597321137892e-01
3.6982817978026630e-04	1.5900129928301732e-01
3.6475394692560764e-04	1.6015510072533917e-01
3.5974933515574227e-04	1.6166477855712927e-01
3.5481338923357548e-04	1.6285715540343287e-01
3.4994516702835707e-04	1.6406526505124053e-01
3.4514373933585611e-04	1.6558280895405908e-01
3.4040818970100084e-04	1.6673872510458718e-01
3.3573761424295475e-04	1.6800563750080708e-01
3.3113112148259094e-04	1.6951638793773291e-01
3.2658783217233601e-04	1.7064480583290939e-01
3.2210687912834343e-04	1.7197138387836977e-01
3.1768740706497687e-04	1.7346233119148141e-01
3.1332857243155868e-04	1.7457376427157689e-01
3.0902954325135899e-04	1.7595746105827001e-01
3.0478949896279803e-04	1.7741788401578149e-01
3.0060763026282315e-04	1.7852347781703318e-01
2.9648313895243414e-04	1.7995877422003576e-01
2.9241523778433375e-04	1.8138063086855341e-01
2.8840315031266060e-04	1.8249132026636464e-01
2.8444611074479142e-04	1.8397031160089142e-01
2.8054336379517152e-04	1.8534839049619045e-01
2.7669416454115112e-04	1.8647418587621939e-01
2.7289777828080387e-04	1.8798725045791656e-01
2.6915348039269167e-04	1.8931910889239015e-01
2.6546055619755386e-04	1.9046854378987751e-01
2.6181830082189829e-04	1.9200503163004409e-01
2.5822601906345965e-04	1.9329076009310067e-01
2.5468302525850396e-04	1.9447051386431929e-01
2.5118864315095817e-04	1.9601940328621961e-01
2.4774220576332854e-04	1.9726126209753772e-01
2.4434305526939703e-04	1.9847595496687084e-01
2.4099054286865959e-04	2.0002643693521033e-01
2.3768402866248761e-04	2.0122841239682640e-01
2.3442288153199202e-04	2.0248055760972508e-01
2.3120647901755953e-04	2.0402252046313868e-01
2.2803420720004172e-04	2.0518984500066023e-01
2.2490546058357788e-04	2.0647993409952656e-01
2.2181964198002190e-04	2.0800433386607564e-01
2.1877616239495513e-04	2.0914300868102009e-01
2.1577444091526677e-04	2.1046970096454781e-01
2.1281390459827119e-04	2.1196881354634539e-01
2.0989398836235225e-04	2.1308516450438594e-01
2.0701413487910430e-04	2.1444555008212404e-01
2.0417379446695288e-04	2.1591311068234079e-01
2.0137242498623865e-04	2.1701339962159641e-01
1.9860949173573718e-04	2.1840330650498846e-01
1.9588446735059888e-04	2.1983454842763303e-01
1.9319683170169254e-04	2.2092465368952408e-01
1.9054607179632473e-04	2.2233897236315478e-01
1.8793168168032673e-04	2.2373058171002705e-01
1.8535316234148124e-04	2.2481575413426547e-01
1.8281002161427425e-04	2.2624875732899291e-01
1.8030177408595675e-04	2.2759876233134463e-01
1.7782794100389232e-04	2.2868345663631143e-01
1.7538805018417605e-04	2.3012909694802303e-01
1.7298163592150998e-04	2.3143671103110866e-01
1.7060823890031236e-04	2.3252448762411640e-01
1.6826740610704664e-04	2.3397666066037559e-01
1.6595869074375615e-04	2.3524209725483833e-01
1.6368165214278085e-04	2.3633558611080524e-01
1.6143585568264852e-04	2.3778835159641609e-01
1.5922087270511709e-04	2.3901262661076805e-01
1.5703628043335521e-04	2.4011354281904823e-01
1.5488166189124800e-04	2.4156130026881542e-01
1.5275660582380728e-04	2.4274603542813214e-01
1.5066070661867413e-04	2.4385523514832452e-01
1.4859356422870079e-04	2.4529285415469698e-01
1.4655478409559116e-04	2.4644009144471060e-01
1.4454397707459266e-04	2.4755765710021288e-01
1.4256075936021890e-04	2.4898056491799264e-01
1.4060475241299138e-04	2.5009259943296752e-01
1.3867558288718873e-04	2.5121794376134016e-01
1.3677288255958494e-04	2.5262217471333265e-01
1.3489628825916531e-04	2.5370141049651146e-01
1.3304544179780899e-04	2.5483339033474123e-01
1.3121998990192033e-04	2.5621560267959365e-01
1.2941958414499854e-04	2.5726443379985753e-01
1.2764388088113446e-04	2.5840146600425645e-01
1.2589254117941672e-04	2.5975893240609438e-01
1.2416523075924101e-04	2.6077964960337602e-01
1.2246161992650491e-04	2.6191982311812856e-01
1.2078138351067799e-04	2.6325040086021800e-01
1.1912420080273737e-04	2.6424512263319422e-01
1.1748975549395299e-04	2.6538630229756366e-01
1.1587773561551256e-04	2.6668838901538566e-01
1.1428783347897725e-04	2.6765901499781214e-01
1.1271974561755105e-04	2.6879893412739225e-01
1.1117317272815906e-04	2.7007141421989961e-01
1.0964781961431856e-04	2.7101959805049558e-01
1.0814339512979379e-04	2.7215593808438099e-01
1.0665961212302570e-04	2.7339812420000337e-01
1.0519618738232232e-04	2.7432526277422997e-01
1.0375284158180123e-04	2.7545571931874296e-01
1.0232929922807532e-04	2.7666729249147742e-01
1.0092528860766846e-04	2.7757452842534258e-01
9.9540541735152654e-05	2.7869686383980380e-01
9.8174794301998495e-05	2.7987781503664999e-01
9.6827785626124905e-05	2.8076604930710858e-01
9.5499258602143526e-05	2.8187813257860639e-01
9.4188959652284179e-05	2.8302870766041432e-01
9.2896638677993616e-05	2.8389861965338398e-01
9.1622049012199896e-05	2.8499845471757668e-01
9.0364947372230175e-05	2.8611910414143837e-01
8.9125093813374520e-05	2.8697117668538491e-01
8.7902251683088338e-05	2.8805692059729210e-01
8.6696187575821667e-05	2.8914825461634364e-01
8.5506671288468285e-05	2.8998280196383747e-01
8.4333475776427581e-05	2.9105277443700422e-01
8.3176377110267090e-05	2.9211552408807179e-01
8.2035154432981766e-05	2.9293272119647285e-01
8.0909589917838259e-05	2.9398540704176124e-01
7.9799468726797637e-05	2.9502039084956272e-01
7.8704578969509783e-05	2.9582030268178067e-01
7.7624711662869193e-05	2.9685434861618387e-01
7.6559660691125599e-05	2.9786244467627221e-01
7.5509222766543437e-05	2.9864505457617940e-01
7.4473197390598905e-05	2.9965926176253410e-01
7.3451386815711445e-05	3.0064138468231588e-01
7.2443596007499035e-05	3.0140662116831640e-01
7.1449632607551317e-05	3.0239993470908993e-01
7.0469306896714631e-05	3.0335701677338883e-01
6.9502431758879693e-05	3.0410477833250793e-01
6.8548822645266125e-05	3.0507627479141058e-01
6.7608297539198107e-05	3.0600925066361190e-01
6.6680676921362217e-05	3.0673942831757167e-01
6.5765783735542019e-05	3.0768830219347565e-01
6.4863443354823874e-05	3.0859809645254260e-01
6.3973483548264803e-05	3.0931059400811878e-01
6.3095734448019279e-05	3.1023614394568810e-01
6.2230028516915966e-05	3.1112366078271186e-01
6.1376200516479400e-05	3.1181841277556971e-01
6.0534087475391304e-05	3.1272002817087297e-01
5.9703528658383699e-05	3.1358614261755180e-01
5.8884365535558867e-05	3.1426313001671974e-01
5.8076441752131244e-05	3.1514027856673615e-01
5.7279603098582920e-05	3.1598582869472430e-01
5.6493697481230218e-05	3.1664509245880551e-01
5.5718574893193012e-05	3.1749730911132468e-01
5.4954087385762447e-05	3.1832308872135989e-01
5.4200089040162345e-05	3.1896474129395891e-01
5.3456435939697180e-05	3.1979161897767699e-01
5.2722986142282255e-05	3.2059837038639971e-01
5.1999599653351545e-05	3.2122260519144463e-01
5.1286138399136494e-05	3.2202378764214962e-01
5.0582466200311379e-05	3.2281219427084878e-01
4.9888448746001249e-05	3.2341929322487623e-01
4.9203953568145089e-05	3.2419447016875319e-01
4.8528850016212067e-05	3.2496514874086946e-01
4.7863009232263851e-05	3.2555548774321785e-01
4.7206304126359040e-05	3.2630439264835831e-01
4.6558609352295853e-05	3.2705788491032595e-01
4.5919801283686868e-05	3.2763193720936373e-01
4.5289757990362059e-05	3.2835434776609718e-01
4.4668359215096341e-05	3.2909111175942790e-01
4.4055486350655330e-05	3.2964944902844001e-01
4.3451022417157128e-05	3.3034519046360472e-01
4.2854852039743976e-05	3.3106559149430892e-01
4.2266861426560290e-05	3.3160888238999942e-01
4.1686938347033504e-05	3.3227783365424474e-01
4.1114972110452234e-05	3.3298213522814690e-01
4.0550853544838368e-05	3.3351114115396985e-01
3.9994474976109710e-05	3.3415324394031176e-01
3.9445730207527845e-05	3.3484159905749600e-01
3.8904514499428039e-05	3.3535716681964967e-01
3.8370724549227900e-05	3.3597243727143367e-01
3.7844258471709333e-05	3.3664488059747688e-01
3.7325015779572032e-05	3.3714793163017159e-01
3.6812897364253163e-05	3.3773647447446775e-01
3.6307805477010126e-05	3.3839291602510640e-01
3.5809643710263568e-05	3.3888443188078005e-01
3.5318316979195702e-05	3.3944645657773809e-01
3.4833731503601165e-05	3.4008667766127559e-01
3.4355794789987424e-05	3.4056768151848033e-01
3.3884415613920256e-05	3.4110351984856396e-01
3.3419504002611408e-05	3.4172717209779824e-01
3.2960971217745797e-05	3.4219870614075948e-01
3.2508729738543431e-05	3.4270883046353079e-01
3.2062693245054629e-05	3.4331543884610982e-01
3.1622776601683802e-05	3.4377853752195964e-01
3.1188895840939360e-05	3.4426357873830443e-01
3.0760968147407055e-05	3.4485254944872551e-01
3.0338911841942711e-05	3.4530820881474572e-01
2.9922646366081876e-05	3.4576897285948299e-01
2.9512092266663878e-05	3.4633960695400445e-01
2.9107171180666051e-05	3.4678875058886194e-01
2.8707805820246889e-05	3.4722623208647424e-01
2.8313919957993805e-05	3.4777774560998576e-01
2.7925438412373375e-05	3.4822118787725309e-01
2.7542287033381640e-05	3.4863657942868870e-01
2.7164392688390834e-05	3.4916813058633700e-01
2.6791683248190310e-05	3.4960653839675859e-01
2.6424087573219438e-05	3.5000123385255705e-01
2.6061535499988956e-05	3.5051195748801489e-01
2.5703957827688625e-05	3.5094581209404252e-01
2.5351286304979089e-05	3.5132140213389557e-01
2.5003453616964311e-05	3.5181045138335537e-01
2.4660393372343374e-05	3.5224001213315276e-01
2.4322040090738162e-05	3.5259827054360682e-01
2.3988329190194897e-05	3.5306486503916062e-01
2.3659196974857559e-05	3.5349013738636997e-01
2.3334580622810032e-05	3.5383299663378720e-01
2.3014418174085075e-05	3.5427647604129431e-01
2.2698648518838236e-05	3.5469718641260906e-01
2.2387211385683396e-05	3.5502670147418330e-01
2.2080047330188985e-05	3.5544658248790623e-01
2.1777097723531597e-05	3.5586216280681221e-01
2.1478304741305334e-05	3.5618046276691973e-01
2.1183611352485001e-05	3.5657649698082711e-01
2.0892961308540402e-05	3.5698608168189100e-01
2.0606299132699997e-05	3.5729530933300835e-01
2.0323570109362197e-05	3.5766753871465323e-01
2.0044720273651615e-05	3.5806997690579245e-01
1.9769696401118599e-05	3.5837221750492387e-01
1.9498445997580466e-05	3.5872102357706120e-01
1.9230917289101583e-05	3.5911490856906125e-01
1.8967059212111447e-05	3.5941210996471301e-01
1.8706821403658012e-05	3.5973825232936030e-01
1.8450154191794733e-05	3.6012197001440616e-01
1.8197008586099817e-05	3.6041585752280536e-01
1.7947336268325271e-05	3.6072049713166437e-01
1.7701089583174204e-05	3.6109229363570067e-01
1.7458221529205049e-05	3.6138428422834940e-01
1.7218685749860071e-05	3.6166898690348170e-01
1.6982436524617432e-05	3.6202705456855333e-01
1.6749428760264382e-05	3.6231817602821953e-01
1.6519617982290146e-05	3.6258489225574786e-01
1.6292960326397209e-05	3.6292747136984210e-01
1.6069412530128779e-05	3.6321829294609953e-01
1.5848931924611131e-05	3.6346931097208418e-01
1.5631476426409527e-05	3.6379480284076365e-01
1.5417004529495595e-05	3.6408538443832700e-01
1.5205475297324948e-05	3.6432325522903641e-01
1.4996848355023744e-05	3.6463034030672453e-01
1.4791083881682073e-05	3.6492020721459217e-01
1.4588142602753473e-05	3.6514764189314181e-01
1.4387985782558460e-05	3.6543539494031096e-01
1.4190575216890919e-05	3.6572354441350047e-01
1.3995873225726168e-05	3.6594328728088665e-01
1.3803842646028852e-05	3.6621128010490522e-01
1.3614446824659494e-05	3.6649622463394560e-01
1.3427649611378624e-05	3.6671090767881653e-01
1.3243415351946647e-05	3.6695928919497300e-01
1.3061708881318407e-05	3.6723913899193578e-01
1.2882495516931347e-05	3.6745112666477991e-01
1.2705741052085414e-05	3.6768067002803229e-01
1.2531411749414150e-05	3.6795325415662045e-01
1.2359474334445109e-05	3.6816448982845834e-01
1.2189895989248661e-05	3.6837659745544149e-01
1.2022644346174118e-05	3.6863961927992556e-01
1.1857687481671602e-05	3.6885148685892871e-01
1.1694993910198705e-05	3.6904814643801537e-01
1.1534532578210929e-05	3.6929936492672577e-01
1.1376272858234309e-05	3.6951258017594135e-01
1.1220184543019627e-05	3.6969626829635033e-01
1.1066237839776669e-05	3.6993369257912068e-01
1.0914403364487562e-05	3.7014823838425137e-01
1.0764652136298339e-05	3.7032177309981817e-01
1.0616955571987250e-05	3.7054385404398843e-01
1.0471285480508992e-05	3.7075897191807100e-01
1.0327614057613964e-05	3.7092532111214238e-01
1.0185913880541170e-05	3.7113112111837043e-01
1.0046157902783946e-05	3.7134536743378749e-01
9.9083194489276805e-06	3.7150742578540602e-01
9.7723722095581059e-06	3.7169674709364647e-01
9.6382902362396979e-06	3.7190811694466941e-01
9.5060479365628173e-06	3.7206846994347204e-01
9.3756200692587994e-06	3.7224192299521081e-01
9.2469817393822165e-06	3.7244803751864020e-01
9.1201083935590998e-06	3.7260873552406210e-01
8.9949758153003480e-06	3.7276773269314317e-01
8.8715601203796148e-06	3.7296607770700341e-01
8.7498377522743601e-06	3.7312844562586039e-01
8.6297854776696978e-06	3.7327511198589974e-01
8.5113803820237683e-06	3.7346330782510817e-01
8.3945998651939721e-06	3.7362781578116633e-01
8.2794216371233343e-06	3.7376481723871541e-01
8.1658237135859272e-06	3.7394089277642756e-01
8.0537844119906628e-06	3.7410710956780663e-01
7.9432823472428065e-06	3.7423740895561836e-01
7.8342964276621184e-06	3.7440004821666534e-01
7.7268058509570195e-06	3.7456669217198479e-01
7.6207901002541252e-06	3.7469325463602743e-01
7.5162289401820541e-06	3.7484198329757740e-01
7.4131024130091695e-06	3.7500707463053051e-01
7.3113908348341771e-06	3.7513255337047186e-01
7.2110747918289945e-06	3.7526783570798372e-01
7.1121351365332839e-06	3.7542894151301026e-01
7.0145529841997137e-06	3.7555538195402466e-01
6.9183097091893617e-06	3.7567860684765553e-01
6.8233869414166883e-06	3.7583315596692524e-01
6.7297665628431781e-06	3.7596175909368840e-01
6.6374307040190843e-06	3.7607510629650792e-01
6.5463617406727528e-06	3.7622073841513592e-01
6.4565422903465540e-06	3.7635172097024894e-01
6.3679552090791530e-06	3.7645791486738617e-01
6.2805835881331813e-06	3.7659281863559407e-01
6.1944107507678123e-06	3.7672539853439829e-01
6.1094202490557140e-06	3.7682737415938905e-01
6.0255958607435782e-06	3.7695056511106156e-01
5.9429215861557232e-06	3.7708308508130189e-01
5.8613816451402912e-06	3.7718360756071612e-01
5.7809604740571804e-06	3.7729509982724696e-01
5.7016427228074709e-06	3.7742528242704609e-01
5.6234132519034929e-06	3.7752657326281980e-01
5.5462571295791058e-06	3.7762741037147346e-01
5.4701596289397113e-06	3.7775271580295916e-01
5.3951062251512778e-06	3.7785614453714295e-01
5.3210825926679398e-06	3.7794827342602821e-01
5.2480746024977206e-06	3.7806631148576264e-01
5.1760683195056764e-06	3.7817220709568322e-01
5.1050499997540593e-06	3.7825820383520598e-01
5.0350060878790506e-06	3.7836713688399248e-01
4.9659232145033602e-06	3.7847475883461379e-01
4.8977881936844583e-06	3.7855744088877619e-01
4.8305880203977278e-06	3.7865630955232032e-01
4.7643098680541551e-06	3.7876399473519767e-01
4.6989410860521495e-06	3.7884597827017419e-01
4.6344691973628810e-06	3.7893488825947086e-01
4.5708818961487476e-06	3.7904036009201991e-01
4.5081670454146041e-06	3.7912363678155653e-01
4.4463126746910867e-06	3.7920376441257125e-01
4.3853069777498541e-06	3.7930455905875743e-01
4.3251383103500886e-06	3.7939017057252011e-01
4.2657951880159257e-06	3.7946357447271845e-01
4.2072662838444369e-06	3.7955751260288828e-01
4.1495404263436308e-06	3.7964538974317907e-01
4.0926065973001068e-06	3.7971465244743779e-01
4.0364539296760452e-06	3.7980026942730177e-01
3.9810717055349725e-06	3.7988927667963313e-01
3.9264493539959964e-06	3.7995703572562706e-01
3.8725764492161742e-06	3.8003388358996670e-01
3.8194427084004650e-06	3.8012207198331105e-01
3.7670379898390858e-06	3.8019052793820907e-01
3.7153522909717268e-06	3.8025928126576913e-01
3.6643757464783317e-06	3.8034430946133868e-01
3.6140986263961295e-06	3.8041481068239463e-01
3.5645113342624427e-06	3.8047714408001188e-01
3.5156044052829798e-06	3.8055678842627316e-01
3.4673685045253185e-06	3.8062958419935067e-01
3.4197944251370883e-06	3.8068783588424765e-01
3.3728730865886865e-06	3.8076048432309206e-01
3.3265955329400468e-06	3.8083470827353338e-01
3.2809529311311898e-06	3.8089139292803770e-01
3.2359365692962801e-06	3.8095641302552102e-01
3.1915378551007622e-06	3.8103031139516935e-01
3.1477483141013145e-06	3.8108758472975607e-01
3.1045595881283524e-06	3.8114547672125271e-01
3.0619634336906777e-06	3.8121684035310022e-01
3.0199517204020146e-06	3.8127603678640909e-01
2.9785164294291913e-06	3.8132832666502270e-01
2.9376496519615305e-06	3.8139503405722575e-01
2.8973435877013209e-06	3.8145639015877481e-01
2.8575905433749481e-06	3.8150527748804924e-01
2.8183829312644530e-06	3.8156582268267303e-01
2.7797132677592860e-06	3.8162846116666160e-01
2.7415741719278832e-06	3.8167629812815462e-01
2.7039583641088425e-06	3.8173017243520724e-01
2.6668586645214769e-06	3.8179236078580936e-01
2.6302679918953821e-06	3.8184108699311098e-01
2.5941793621188124e-06	3.8188891240605072e-01
2.5585858869056470e-06	3.8194854011721019e-01
2.5234807724805741e-06	3.8199921731241970e-01
2.4888573182823889e-06	3.8204258816107844e-01
2.4547089156850309e-06	3.8209774516262990e-01
2.4210290467361774e-06	3.8215031824652235e-01
2.3878112829131751e-06	3.8219138341389658e-01
2.3550492838960097e-06	3.8224088771435505e-01
2.3227367963571056e-06	3.8229424427347281e-01
2.2908676527677743e-06	3.8233513568547484e-01
2.2594357702209776e-06	3.8237886348890460e-01
2.2284351492703022e-06	3.8243118457073494e-01
2.1978598727848259e-06	3.8247344711951287e-01
2.1677041048196942e-06	3.8251236652802245e-01
2.1379620895022301e-06	3.8256167752024350e-01
2.1086281499332901e-06	3.8260586379404288e-01
2.0796966871036947e-06	3.8264175402619199e-01
2.0511621788255634e-06	3.8268652090202671e-01
2.0230191786782716e-06	3.8273207412427224e-01
1.9952623149688783e-06	3.8276700483702775e-01
1.9678862897068460e-06	3.8280659940121581e-01
1.9408858775927780e-06	3.8285206715805187e-01
1.9142559250210841e-06	3.8288778933441264e-01
1.8879913490962941e-06	3.8292267849236900e-01
1.8620871366628669e-06	3.8296619958735656e-01
1.8365383433483446e-06	3.8300363446423563e-01
1.8113400926196028e-06	3.8303522814665741e-01
1.7864875748520497e-06	3.8307514576929697e-01
1.7619760464116302e-06	3.8311413587121018e-01
1.7378008287493755e-06	3.8314433472747461e-01
1.7139573075084242e-06	3.8317974155790580e-01
1.6904409316432649e-06	3.8321914996083128e-01
1.6672472125510623e-06	3.8324973427378223e-01
1.6443717232149303e-06	3.8328076908232933e-01
1.6218100973589304e-06	3.8331890080771513e-01
1.5995580286146682e-06	3.8335096145625713e-01
1.5776112696993469e-06	3.8337875301889812e-01
1.5559656316050746e-06	3.8341396173754616e-01
1.5346169827992934e-06	3.8344756799028579e-01
1.5135612484362089e-06	3.8347383955807024e-01
1.4927944095789960e-06	3.8350511287187111e-01
1.4723125024327177e-06	3.8353933665175072e-01
1.4521116175877428e-06	3.8356580436754911e-01
1.4321878992735430e-06	3.8359312057274542e-01
1.4125375446227529e-06	3.8362641392161395e-01
1.3931568029453034e-06	3.8365419180725202e-01
1.3740419750125145e-06	3.8367851619932003e-01
1.3551894123510370e-06	3.8370930957672333e-01
1.3365955165464422e-06	3.8373853902708716e-01
1.3182567385564061e-06	3.8376145648847620e-01
1.3001695780332910e-06	3.8378875859677608e-01
1.2823305826560213e-06	3.8381860363285047e-01
1.2647363474711502e-06	3.8384172151795631e-01
1.2473835142429433e-06	3.8386549342470505e-01
1.2302687708123811e-06	3.8389450753104459e-01
1.2133888504649759e-06	3.8391885582038654e-01
1.1967405313072435e-06	3.8394001245613152e-01
1.1803206356517289e-06	3.8396673777035406e-01
1.1641260294104919e-06	3.8399240167074250e-01
1.1481536214968827e-06	3.8401243679697528e-01
1.1324003632355562e-06	3.8403599957958151e-01
1.1168632477805614e-06	3.8406213349321316e-01
1.1015393095414147e-06	3.8408251619206862e-01
1.0864256236170645e-06	3.8410297722838810e-01
1.0715193052376066e-06	3.8412819712803503e-01
1.0568175092136580e-06	3.8414978615146556e-01
1.0423174293933030e-06	3.8416809971338833e-01
1.0280162981264734e-06	3.8419109292188403e-01
1.0139113857366788e-06	3.8421381434362778e-01
1.0000000000000004e-06	3.8423141095383340e-01
