1.0000000000000000e+00	4.3000000000000002e-05
9.9999723690170572e-01	4.3000297337477849e-05
9.9999447381104623e-01	4.3000594638274630e-05
9.9999171072802140e-01	4.3000891904884388e-05
9.8627948563121048e-01	4.4917635445499351e-05
9.7274722377696510e-01	4.6945237244736902e-05
9.5940063151593313e-01	4.8983602300544320e-05
9.4623716136579306e-01	5.1154429089735801e-05
9.3325430079699101e-01	5.3368392223795151e-05
9.2044957175317133e-01	5.5643608874645570e-05
9.0782053017818576e-01	5.8056844330849568e-05
8.9536476554959377e-01	6.0460181812214373e-05
8.8307990041856277e-01	6.3023284788059681e-05
8.7096358995608059e-01	6.5629502670172784e-05
8.5901352150539567e-01	6.8287841992102172e-05
8.4722741414059644e-01	7.1119915645029221e-05
8.3560301823124805e-01	7.3910955173609575e-05
8.2413811501300227e-01	7.6891531692662208e-05
8.1283051616409929e-01	7.9915796153226472e-05
8.0167806338767911e-01	8.2972222342225785e-05
7.9067862799982513e-01	8.6247829608571201e-05
7.7983011052325868e-01	8.9439352381670239e-05
7.6913044028660960e-01	9.2851185004044957e-05
7.5857757502918377e-01	9.6310442439916129e-05
7.4816950051115438e-01	9.9767340684609466e-05
7.3790423012910100e-01	1.0350080996020467e-04
7.2777980453682412e-01	1.0709492866079017e-04
7.1779429127136174e-01	1.1093860729454668e-04
7.0794578438413791e-01	1.1484063761725343e-04
6.9823240407717135e-01	1.1868734458285284e-04
6.8865229634427605e-01	1.2288189356798892e-04
6.7920363261718453e-01	1.2687104740123140e-04
6.6988460941652639e-01	1.3113360218606012e-04
6.6069344800759600e-01	1.3547812689471402e-04
6.5162839406084272e-01	1.3969231104933775e-04
6.4268771731701968e-01	1.4434054533057311e-04
6.3386971125692693e-01	1.4871027525132941e-04
6.2517269277568577e-01	1.5336635767770331e-04
6.1659500186148219e-01	1.5814740864428134e-04
6.0813500127871789e-01	1.6269827201782609e-04
5.9979107625550943e-01	1.6778373966231899e-04
5.9156163417547392e-01	1.7251689339555483e-04
5.8344510427374474e-01	1.7753132643499322e-04
5.7543993733715693e-01	1.8274035177172639e-04
5.6754460540854712e-01	1.8759325953183608e-04
5.5975760149511011e-01	1.9309261254022168e-04
5.5207743928075736e-01	1.9817428610771146e-04
5.4450265284242116e-01	2.0350556244963752e-04
5.3703179637025278e-01	2.0913452659278105e-04
5.2966344389165787e-01	2.1425642787139642e-04
5.2239618899911977e-01	2.2014163300689728e-04
5.1522864458175643e-01	2.2556399543188942e-04
5.0815944256056056e-01	2.3116822307600756e-04
5.0118723362727224e-01	2.3721194767438398e-04
4.9431068698683539e-01	2.4257689664810084e-04
4.8752849010338634e-01	2.4881702222331301e-04
4.8083934844972853e-01	2.5458322035615608e-04
4.7424198526024469e-01	2.6041810880268051e-04
4.6773514128719818e-01	2.6687528562179262e-04
4.6131757456037936e-01	2.7246948430626692e-04
4.5498806015004856e-01	2.7903182624827667e-04
4.4874538993313212e-01	2.8515836874252478e-04
4.4258837236262655e-01	2.9118705516025743e-04
4.3651583224016599e-01	2.9805966249048764e-04
4.3052661049171065e-01	3.0388563825625470e-04
4.2461956394631289e-01	3.1073625109254605e-04
4.1879356511791838e-01	3.1725352416582357e-04
4.1304750199016133e-01	3.2344825991387709e-04
4.0738027780411273e-01	3.3073943555410860e-04
4.0179081084893992e-01	3.3681913495601146e-04
3.9627803425543945e-01	3.4392311287361865e-04
3.9084089579240200e-01	3.5087390055964397e-04
3.8547835766577182e-01	3.5721976665594010e-04
3.8018939632056120e-01	3.6493046945124433e-04
3.7497300224548352e-01	3.7130712601917098e-04
3.6982817978026616e-01	3.7862917748992603e-04
3.6475394692560781e-01	3.8606521130942970e-04
3.5974933515574231e-01	3.9256405527740259e-04
3.5481338923357547e-01	4.0068906535793865e-04
3.4994516702835721e-01	4.0742766544317325e-04
3.4514373933585618e-01	4.1493361793515718e-04
3.4040818970100084e-01	4.2291028423479193e-04
3.3573761424295462e-01	4.2958495661811572e-04
3.3113112148259105e-01	4.3810893660143214e-04
3.2658783217233578e-01	4.4529499436795868e-04
3.2210687912834346e-01	4.5295484834536665e-04
3.1768740706497706e-01	4.6152428804491311e-04
3.1332857243155854e-01	4.6842301772232403e-04
3.0902954325135906e-01	4.7731750445036407e-04
3.0478949896279833e-01	4.8505372566744166e-04
3.0060763026282311e-01	4.9284674479619587e-04
2.9648313895243428e-01	5.0204974868066658e-04
2.9241523778433354e-01	5.0925016085177335e-04
2.8840315031266062e-01	5.1847248360066523e-04
2.8444611074479159e-01	5.2687282472565990e-04
2.8054336379517136e-01	5.3479488720470033e-04
2.7669416454115114e-01	5.4465226309559714e-04
2.7289777828080403e-01	5.5226415543654028e-04
2.6915348039269155e-01	5.6175935413950125e-04
2.6546055619755393e-01	5.7094005031052217e-04
2.6181830082189850e-01	5.7901307163468253e-04
2.5822601906345960e-01	5.8951754818328665e-04
2.5468302525850411e-01	5.9768316316342527e-04
2.5118864315095801e-01	6.0738994580323321e-04
2.4774220576332853e-01	6.1745736715951944e-04
2.4434305526939717e-01	6.2574002017666368e-04
2.4099054286865948e-01	6.3685022061709306e-04
2.3768402866248767e-01	6.4574048069725187e-04
2.3442288153199223e-01	6.5560202000851983e-04
2.3120647901755947e-01	6.6663778116441677e-04
2.2803420720004183e-01	6.7523599680150803e-04
2.2490546058357813e-01	6.8687447374285156e-04
2.2181964198002191e-01	6.9667961395811814e-04
2.1877616239495523e-01	7.0665943398706243e-04
2.1577444091526662e-01	7.1870404694208956e-04
2.1281390459827118e-01	7.2777894861564339e-04
2.0989398836235240e-01	7.3983656470475866e-04
2.0701413487910419e-01	7.5074996687812465e-04
2.0417379446695291e-01	7.6085221930313231e-04
2.0137242498623881e-01	7.7388969288828575e-04
1.9860949173573714e-01	7.8365985765913168e-04
1.9588446735059897e-01	7.9600871583378923e-04
1.9319683170169238e-01	8.0820368370099985e-04
1.9054607179632471e-01	8.1849573143289724e-04
1.8793168168032684e-01	8.3244271832982734e-04
1.8535316234148114e-01	8.4317723392284363e-04
1.8281002161427429e-01	8.5569365980904912e-04
1.8030177408595691e-01	8.6929448036746678e-04
1.7782794100389229e-01	8.7992798098226316e-04
1.7538805018417614e-01	8.9463205675577892e-04
1.7298163592151014e-01	9.0663111996452472e-04
1.7060823890031232e-01	9.1922865027142494e-04
1.6826740610704671e-01	9.3427952695877587e-04
1.6595869074375605e-01	9.4550441818979183e-04
1.6368165214278085e-01	9.6075640737490258e-04
1.6143585568264862e-01	9.7431759035187799e-04
1.5922087270511701e-01	9.8698740352070181e-04
1.5703628043335524e-01	1.0034254457951264e-03
1.5488166189124813e-01	1.0155898997189522e-03
1.5275660582380726e-01	1.0311543109775248e-03
1.5066070661867420e-01	1.0465254235224434e-03
1.4859356422870071e-01	1.0593782734270489e-03
1.4655478409559117e-01	1.0770190950666683e-03
1.4454397707459277e-01	1.0905483904853971e-03
1.4256075936021884e-01	1.1062134746652932e-03
1.4060475241299139e-01	1.1235372023130103e-03
1.3867558288718887e-01	1.1368371763283297e-03
1.3677288255958489e-01	1.1553828796878173e-03
1.3489628825916533e-01	1.1707321406000900e-03
1.3304544179780911e-01	1.1863765388457647e-03
1.3121998990192030e-01	1.2056372486813575e-03
1.2941958414499863e-01	1.2198145754817094e-03
1.2764388088113438e-01	1.2388928580155053e-03
1.2589254117941673e-01	1.2564734751405618e-03
1.2416523075924110e-01	1.2721400474144022e-03
1.2246161992650484e-01	1.2931281361223596e-03
1.2078138351067802e-01	1.3087573594365153e-03
1.1912420080273746e-01	1.3279960998089646e-03
1.1748975549395295e-01	1.3480835560463398e-03
1.1587773561551258e-01	1.3640437219342401e-03
1.1428783347897717e-01	1.3863557373060655e-03
1.1271974561755102e-01	1.4040887071741985e-03
1.1117317272815913e-01	1.4232220680609161e-03
1.0964781961431848e-01	1.4458628684351400e-03
1.0814339512979380e-01	1.4626486450385028e-03
1.0665961212302577e-01	1.4857398296415707e-03
1.0519618738232230e-01	1.5061917161182721e-03
1.0375284158180124e-01	1.5251819479516495e-03
1.0232929922807543e-01	1.5501269354472400e-03
1.0092528860766843e-01	1.5685058909402970e-03
9.9540541735152713e-02	1.5918036827357145e-03
9.8174794301998436e-02	1.6154048825548174e-03
9.6827785626124888e-02	1.6345506351290390e-03
9.5499258602143589e-02	1.6612472304579405e-03
9.4188959652284118e-02	1.6821214309712372e-03
9.2896638677993637e-02	1.7051928729963715e-03
9.1622049012199960e-02	1.7320381211907274e-03
9.0364947372230151e-02	1.7520292251223112e-03
8.9125093813374537e-02	1.7797014757823684e-03
8.7902251683088434e-02	1.8039280758379141e-03
8.6696187575821648e-02	1.8266723345255914e-03
8.5506671288468339e-02	1.8564152567242470e-03
8.4333475776427524e-02	1.8782916460704780e-03
8.3176377110267111e-02	1.9061207144300621e-03
8.2035154432981816e-02	1.9342791015915909e-03
8.0909589917838240e-02	1.9570929193821070e-03
7.9799468726797648e-02	1.9889416764103563e-03
7.8704578969509872e-02	2.0139271184567947e-03
7.7624711662869175e-02	2.0413151957389564e-03
7.6559660691125617e-02	2.0734783082593661e-03
7.5509222766543385e-02	2.0973255812048817e-03
7.4473197390598891e-02	2.1301846408817333e-03
7.3451386815711492e-02	2.1593986515883049e-03
7.2443596007498987e-02	2.1862603680167830e-03
7.1449632607551328e-02	2.2218545305850664e-03
7.0469306896714684e-02	2.2481727756783073e-03
6.9502431758879685e-02	2.2809417606437215e-03
6.8548822645266141e-02	2.3150431497250767e-03
6.7608297539198184e-02	2.3420308086239973e-03
6.6680676921362203e-02	2.3798735828317150e-03
6.5765783735542052e-02	2.4102811569376393e-03
6.4863443354823830e-02	2.4422658237287179e-03
6.3973483548264820e-02	2.4811355479050640e-03
6.3095734448019317e-02	2.5096848431233280e-03
6.2230028516915954e-02	2.5482598538863963e-03
6.1376200516479414e-02	2.5840928406385593e-03
6.0534087475391338e-02	2.6154173811109502e-03
5.9703528658383687e-02	2.6580227654278729e-03
5.8884365535558883e-02	2.6901245224738527e-03
5.8076441752131204e-02	2.7280811339514695e-03
5.7279603098582911e-02	2.7698767202651454e-03
5.6493697481230253e-02	2.8017338810019904e-03
5.5718574893192978e-02	2.8463029495512586e-03
5.4954087385762455e-02	2.8839795919847152e-03
5.4200089040162380e-02	2.9207448115141105e-03
5.3456435939697171e-02	2.9678669426697122e-03
5.2722986142282269e-02	3.0024350720830200e-03
5.1999599653351603e-02	3.0469904421473282e-03
5.1286138399136483e-02	3.0915800950024924e-03
5.0582466200311413e-02	3.1278704072078335e-03
4.9888448746001214e-02	3.1784969127812866e-03
4.9203953568145102e-02	3.2184229110942819e-03
4.8528850016212099e-02	3.2615849892610174e-03
4.7863009232263824e-02	3.3130752444025403e-03
4.7206304126359053e-02	3.3510444933696113e-03
4.6558609352295881e-02	3.4026612597735329e-03
4.5919801283686862e-02	3.4501674579691072e-03
4.5289757990362063e-02	3.4919738676738878e-03
4.4668359215096314e-02	3.5487120391106200e-03
4.4055486350655322e-02	3.5915220935763882e-03
4.3451022417157155e-02	3.6418899793100061e-03
4.2854852039743943e-02	3.6977768995559747e-03
4.2266861426560297e-02	3.7401465627957733e-03
4.1686938347033534e-02	3.7992069076549680e-03
4.1114972110452230e-02	3.8499964054308188e-03
4.0550853544838381e-02	3.8983125839754306e-03
3.9994474976109751e-02	3.9613047590360516e-03
3.9445730207527840e-02	4.0077854483733374e-03
3.8904514499428063e-02	4.0660578369492925e-03
3.8370724549227873e-02	4.1265868787919730e-03
3.7844258471709323e-02	4.1743482056346157e-03
3.7325015779572056e-02	4.2412405103851988e-03
3.6812897364253132e-02	4.2958882240378268e-03
3.6307805477010131e-02	4.3516077508824261e-03
3.5809643710263593e-02	4.4211552692549035e-03
3.5318316979195699e-02	4.4721745117325988e-03
3.4833731503601174e-02	4.5389937506081250e-03
3.4355794789987466e-02	4.6046378752663082e-03
3.3884415613920249e-02	4.6587293377003611e-03
3.3419504002611428e-02	4.7339235774422157e-03
3.2960971217745771e-02	4.7931690032227362e-03
3.2508729738543442e-02	4.8570974253154386e-03
3.2062693245054653e-02	4.9337066968670341e-03
3.1622776601683798e-02	4.9901599552534155e-03
3.1188895840939368e-02	5.0661667974963584e-03
3.0760968147407086e-02	5.1376219463281038e-03
3.0338911841942703e-02	5.1989074414048190e-03
2.9922646366081884e-02	5.2830129157804646e-03
2.9512092266663854e-02	5.3477230676942907e-03
2.9107171180666046e-02	5.4205990645557253e-03
2.8707805820246908e-02	5.5050095172500119e-03
2.8313919957993785e-02	5.5677861213222022e-03
2.7925438412373382e-02	5.6536640930016915e-03
2.7542287033381661e-02	5.7318426567276436e-03
2.7164392688390826e-02	5.8011048070150811e-03
2.6791683248190312e-02	5.8949089161621114e-03
2.6424087573219467e-02	5.9660569668220607e-03
2.6061535499988950e-02	6.0485710203957675e-03
2.5703957827688639e-02	6.1417728390831755e-03
2.5351286304979074e-02	6.2117422273793455e-03
2.5003453616964315e-02	6.3082444309919992e-03
2.4660393372343391e-02	6.3942769708511694e-03
2.4322040090738156e-02	6.4722181829554208e-03
2.3988329190194904e-02	6.5767069129173484e-03
2.3659196974857577e-02	6.6553723200853910e-03
2.3334580622810026e-02	6.7481744861429983e-03
2.3014418174085078e-02	6.8514223471127615e-03
2.2698648518838217e-02	6.9294395910209812e-03
2.2387211385683392e-02	7.0373931786674501e-03
2.2080047330189000e-02	7.1326452138990703e-03
2.1777097723531584e-02	7.2198920051978468e-03
2.1478304741305340e-02	7.3362519149644890e-03
2.1183611352485015e-02	7.4236461759283143e-03
2.0892961308540396e-02	7.5273380195389579e-03
2.0606299132699998e-02	7.6421632594263801e-03
2.0323570109362220e-02	7.7290953155022433e-03
2.0044720273651610e-02	7.8493797553054346e-03
1.9769696401118610e-02	7.9554867407677244e-03
1.9498445997580452e-02	8.0525974315537041e-03
1.9230917289101587e-02	8.1821959169362628e-03
1.8967059212111462e-02	8.2797176651779533e-03
1.8706821403658001e-02	8.3948273087801738e-03
1.8450154191794736e-02	8.5230455313609205e-03
1.8197008586099829e-02	8.6198234574116472e-03
1.7947336268325266e-02	8.7533189721149887e-03
1.7701089583174213e-02	8.8722381073262288e-03
1.7458221529205030e-02	8.9797201511294614e-03
1.7218685749860067e-02	9.1240565037542451e-03
1.6982436524617443e-02	9.2333791791581275e-03
1.6749428760264379e-02	9.3603236300752058e-03
1.6519617982290142e-02	9.5040276840019575e-03
1.6292960326397220e-02	9.6117344851297994e-03
1.6069412530128776e-02	9.7592382492689717e-03
1.5848931924611141e-02	9.8933092688124301e-03
1.5631476426409534e-02	1.0011660284508910e-02
1.5417004529495593e-02	1.0172275901979198e-02
1.5205475297324958e-02	1.0295468705023639e-02
1.4996848355023728e-02	1.0434515579987447e-02
1.4791083881682069e-02	1.0596035260098906e-02
1.4588142602753483e-02	1.0716042401636367e-02
1.4387985782558456e-02	1.0878154569335195e-02
1.4190575216890915e-02	1.1030151663580475e-02
1.3995873225726178e-02	1.1159947219346050e-02
1.3803842646028849e-02	1.1338281513901809e-02
1.3614446824659503e-02	1.1477957058838681e-02
1.3427649611378633e-02	1.1629209881965018e-02
1.3243415351946643e-02	1.1811010652459160e-02
1.3061708881318416e-02	1.1945175644463058e-02
1.2882495516931344e-02	1.2122168053795309e-02
1.2705741052085412e-02	1.2295310523998085e-02
1.2531411749414158e-02	1.2437370040211270e-02
1.2359474334445106e-02	1.2634552925264584e-02
1.2189895989248670e-02	1.2794019676127808e-02
1.2022644346174125e-02	1.2957467434926512e-02
1.1857687481671601e-02	1.3161954089681073e-02
1.1694993910198712e-02	1.3312882161618220e-02
1.1534532578210917e-02	1.3504582756598533e-02
1.1376272858234306e-02	1.3702453771541069e-02
1.1220184543019634e-02	1.3858118901077961e-02
1.1066237839776666e-02	1.4074706826692878e-02
1.0914403364487560e-02	1.4258078298018718e-02
1.0764652136298347e-02	1.4433768402399154e-02
1.0616955571987247e-02	1.4662962505970658e-02
1.0471285480508997e-02	1.4834310754203777e-02
1.0327614057613970e-02	1.5040067959120339e-02
1.0185913880541167e-02	1.5266373906113767e-02
1.0046157902783952e-02	1.5437922643504661e-02
9.9083194489276785e-03	1.5673619652937645e-02
9.7723722095581032e-03	1.5885795868188082e-02
9.6382902362397039e-03	1.6074202059464197e-02
9.5060479365628153e-03	1.6329285228600606e-02
9.3756200692587978e-03	1.6526041267125778e-02
9.2469817393822235e-03	1.6744871301925646e-02
9.1201083935590968e-03	1.7002970907661875e-02
8.9949758153003538e-03	1.7194152382686456e-02
8.8715601203796044e-03	1.7447615093212049e-02
8.7498377522743590e-03	1.7694013115704042e-02
8.6297854776697033e-03	1.7896659810073403e-02
8.5113803820237675e-03	1.8177432367643027e-02
8.3945998651939711e-03	1.8406030040084270e-02
8.2794216371233405e-03	1.8637082588427487e-02
8.1658237135859239e-03	1.8929246610409692e-02
8.0537844119906686e-03	1.9145841788228608e-02
7.9432823472428121e-03	1.9414743060490507e-02
7.8342964276621168e-03	1.9700634827445218e-02
7.7268058509570242e-03	1.9920981198271730e-02
7.6207901002541233e-03	2.0225388228728745e-02
7.5162289401820527e-03	2.0493443564702143e-02
7.4131024130091741e-03	2.0736916912595632e-02
7.3113908348341758e-03	2.1063373961394512e-02
7.2110747918289926e-03	2.1313560712584591e-02
7.1121351365332885e-03	2.1595156588395090e-02
7.0145529841997125e-03	2.1924514758986862e-02
6.9183097091893662e-03	2.2168966494770289e-02
6.8233869414166927e-03	2.2492984595025026e-02
6.7297665628431765e-03	2.2808386762781848e-02
6.6374307040190884e-03	2.3066933645193487e-02
6.5463617406727511e-03	2.3424938118414160e-02
6.4565422903465524e-03	2.3719087612445684e-02
6.3679552090791566e-03	2.4011539482795035e-02
6.2805835881331795e-03	2.4385450425301484e-02
6.1944107507678160e-03	2.4664141397199000e-02
6.1094202490557178e-03	2.5002454484877035e-02
6.0255958607435770e-03	2.5371606801188364e-02
5.9429215861557276e-03	2.5652040970857135e-02
5.8613816451402847e-03	2.6035454059165426e-02
5.7809604740571788e-03	2.6384885342643102e-02
5.7016427228074743e-03	2.6689442889103167e-02
5.6234132519034918e-03	2.7104463025356934e-02
5.5462571295791050e-03	2.7431173964245440e-02
5.4701596289397150e-03	2.7779089582037713e-02
5.3951062251512763e-03	2.8204368290865433e-02
5.3210825926679438e-03	2.8519085339250971e-02
5.2480746024977237e-03	2.8919202741365595e-02
5.1760683195056752e-03	2.9333520635053099e-02
5.1050499997540629e-03	2.9657269588375841e-02
5.0350060878790494e-03	3.0104550843116983e-02
4.9659232145033592e-03	3.0494952679998733e-02
4.8977881936844610e-03	3.0851753313134701e-02
4.8305880203977272e-03	3.1328810407596205e-02
4.7643098680541585e-03	3.1695857320697220e-02
4.6989410860521531e-03	3.2104247271049859e-02
4.6344691973628799e-03	3.2587374567584114e-02
4.5708818961487513e-03	3.2945564133700748e-02
4.5081670454145996e-03	3.3411981310047668e-02
4.4463126746910860e-03	3.3879582330317869e-02
4.3853069777498570e-03	3.4252796365289613e-02
4.3251383103500877e-03	3.4769105686660230e-02
4.2657951880159251e-03	3.5209553331252363e-02
4.2072662838444396e-03	3.5623183873396289e-02
4.1495404263436298e-03	3.6169182367174917e-02
4.0926065973001099e-03	3.6585350015820611e-02
4.0364539296760477e-03	3.7057847756237959e-02
3.9810717055349717e-03	3.7607916345719271e-02
3.9264493539959986e-03	3.8016812248467383e-02
3.8725764492161733e-03	3.8553485292215972e-02
3.8194427084004643e-03	3.9085183424047584e-02
3.7670379898390883e-03	3.9512848145214809e-02
3.7153522909717258e-03	4.0103907354100236e-02
3.6643757464783306e-03	4.0605662391449353e-02
3.6140986263961316e-03	4.1079079574997950e-02
3.5645113342624422e-03	4.1702530818729183e-02
3.5156044052829820e-03	4.2177889046868144e-02
3.4673685045253149e-03	4.2716559358240008e-02
3.4197944251370877e-03	4.3345021741369984e-02
3.3728730865886887e-03	4.3812099143119079e-02
3.3265955329400457e-03	4.4421915564259215e-02
3.2809529311311888e-03	4.5031231740232013e-02
3.2359365692962820e-03	4.5517595581426207e-02
3.1915378551007618e-03	4.6188853101010299e-02
3.1477483141013167e-03	4.6765812791033659e-02
3.1045595881283544e-03	4.7300458569887800e-02
3.0619634336906767e-03	4.8010550136695536e-02
3.0199517204020166e-03	4.8557351437030459e-02
2.9785164294291906e-03	4.9162248976828082e-02
2.9376496519615300e-03	4.9882221455068113e-02
2.8973435877013226e-03	5.0416347732986526e-02
2.8575905433749472e-03	5.1100035439095408e-02
2.8183829312644522e-03	5.1803071113112928e-02
2.7797132677592879e-03	5.2352693397057150e-02
2.7415741719278826e-03	5.3107703769351013e-02
2.7039583641088444e-03	5.3777057333347138e-02
2.6668586645214785e-03	5.4373390016708031e-02
2.6302679918953813e-03	5.5178162225221643e-02
2.5941793621188144e-03	5.5812279434410937e-02
2.5585858869056465e-03	5.6481115905452274e-02
2.5234807724805737e-03	5.7305813292672800e-02
2.4888573182823906e-03	5.7919222663364578e-02
2.4547089156850307e-03	5.8673982476936837e-02
2.4210290467361791e-03	5.9488592716799946e-02
2.3878112829131769e-03	6.0108407891941919e-02
2.3550492838960092e-03	6.0946502277389125e-02
2.3227367963571072e-03	6.1729013936843997e-02
2.2908676527677719e-03	6.2388105130662799e-02
2.2594357702209770e-03	6.3291487442366803e-02
2.2284351492703035e-03	6.4033962543853740e-02
2.1978598727848252e-03	6.4762689839485091e-02
2.1677041048196936e-03	6.5702367624833932e-02
2.1379620895022318e-03	6.6413352733958222e-02
2.1086281499332893e-03	6.7232012598352278e-02
2.0796966871036962e-03	6.8175316200297736e-02
2.0511621788255646e-03	6.8878058400206027e-02
2.0230191786782714e-03	6.9791887992095264e-02
1.9952623149688798e-03	7.0710638217563071e-02
1.9678862897068452e-03	7.1437680317889260e-02
1.9408858775927774e-03	7.2435544865482218e-02
1.9142559250210855e-03	7.3313090243724469e-02
1.8879913490962936e-03	7.4098693743363420e-02
1.8620871366628680e-03	7.5155663106054135e-02
1.8365383433483458e-03	7.5991101671910088e-02
1.8113400926196024e-03	7.6863378536517243e-02
1.7864875748520510e-03	7.7946494106267250e-02
1.7619760464116282e-03	7.8755150219417119e-02
1.7378008287493750e-03	7.9729725884795030e-02
1.7139573075084253e-03	8.0805556413801383e-02
1.6904409316432646e-03	8.1615728018037612e-02
1.6672472125510620e-03	8.2692293116176541e-02
1.6443717232149312e-03	8.3734521136864179e-02
1.6218100973589300e-03	8.4581384132575849e-02
1.5995580286146693e-03	8.5743779120643696e-02
1.5776112696993480e-03	8.6739119439431273e-02
1.5559656316050741e-03	8.7657259686184097e-02
1.5346169827992944e-03	8.8876949047736103e-02
1.5135612484362085e-03	8.9828150118548070e-02
1.4927944095789957e-03	9.0844385691588189e-02
1.4723125024327186e-03	9.2086475589674199e-02
1.4521116175877425e-03	9.3011866391308790e-02
1.4321878992735427e-03	9.4139836342525707e-02
1.4125375446227540e-03	9.5370300953035808e-02
1.3931568029453031e-03	9.6300129298623999e-02
1.3740419750125155e-03	9.7537657008469836e-02
1.3551894123510354e-03	9.8730250944201139e-02
1.3365955165464418e-03	9.9700720178135499e-02
1.3182567385564071e-03	1.0103034199960959e-01
1.3001695780332906e-03	1.0217181572993951e-01
1.2823305826560210e-03	1.0321812741797262e-01
1.2647363474711511e-03	1.0461054282104047e-01
1.2473835142429431e-03	1.0570319923760706e-01
1.2302687708123819e-03	1.0685299777158767e-01
1.2133888504649768e-03	1.0827265899962638e-01
1.1967405313072434e-03	1.0933388210131231e-01
1.1803206356517297e-03	1.1060230258617849e-01
1.1641260294104918e-03	1.1201400660014370e-01
1.1481536214968825e-03	1.1307301300841620e-01
1.1324003632355569e-03	1.1446013866491207e-01
1.1168632477805613e-03	1.1583536417291497e-01
1.1015393095414143e-03	1.1692793779807846e-01
1.0864256236170651e-03	1.1841897908479609e-01
1.0715193052376064e-03	1.1974083550461187e-01
1.0568175092136587e-03	1.2090311209894253e-01
1.0423174293933035e-03	1.2247112367792219e-01
1.0280162981264732e-03	1.2373710764319516e-01
1.0139113857366795e-03	1.2499954708181624e-01
1.0000000000000002e-03	1.2661008067010834e-01
9.8627948563121000e-04	1.2783228891813747e-01
9.7274722377696488e-04	1.2921483259522235e-01
9.5940063151593320e-04	1.3083164223308760e-01
9.4623716136579329e-04	1.3203456617780901e-01
9.3325430079699073e-04	1.3354368490686297e-01
9.2044957175317123e-04	1.3513448999627486e-01
9.0782053017818580e-04	1.3635092115979763e-01
8.9536476554959328e-04	1.3797888899774252e-01
8.8307990041856246e-04	1.3952026483461979e-01
8.7096358995608061e-04	1.4078610397774366e-01
8.5901352150539588e-04	1.4251245540723029e-01
8.4722741414059604e-04	1.4399313597182359e-01
8.3560301823124776e-04	1.4534199442389614e-01
8.2413811501300224e-04	1.4713679354684553e-01
8.1283051616409937e-04	1.4855898632161585e-01
8.0167806338767879e-04	1.5001740600761748e-01
7.9067862799982495e-04	1.5184571802285801e-01
7.7983011052325875e-04	1.5322438006153002e-01
7.6913044028660983e-04	1.5480831630793243e-01
7.5857757502918342e-04	1.5663514770723802e-01
7.4816950051115425e-04	1.5799549080818726e-01
7.3790423012910105e-04	1.5970844877210053e-01
7.2777980453682433e-04	1.6150341973642698e-01
7.1779429127136153e-04	1.6287714948707904e-01
7.0794578438413780e-04	1.6471009051674249e-01
6.9823240407717148e-04	1.6645120939283709e-01
6.8865229634427572e-04	1.6787213035070547e-01
6.7920363261718430e-04	1.6980501049629812e-01
6.6988460941652640e-04	1.7148110862484550e-01
6.6069344800759615e-04	1.7298074303963082e-01
6.5162839406084235e-04	1.7498534298888679e-01
6.4268771731701944e-04	1.7659696045718509e-01
6.3386971125692696e-04	1.7820074782206460e-01
6.2517269277568600e-04	1.8024432077275901e-01
6.1659500186148194e-04	1.8180306858790038e-01
6.0813500127871779e-04	1.8352756700832010e-01
5.9979107625550941e-04	1.8557677619990381e-01
5.9156163417547418e-04	1.8710340142274914e-01
5.8344510427374451e-04	1.8895473204069776e-01
5.7543993733715686e-04	1.9097937013099478e-01
5.6754460540854720e-04	1.9250089221141251e-01
5.5975760149510982e-04	1.9447448478392867e-01
5.5207743928075716e-04	1.9645055098258707e-01
5.4450265284242117e-04	1.9799690843993933e-01
5.3703179637025283e-04	2.0007844341717990e-01
5.2966344389165758e-04	2.0199028218626508e-01
5.2239618899911969e-04	2.0359093088883928e-01
5.1522864458175641e-04	2.0575824716484026e-01
5.0815944256056068e-04	2.0759960140147127e-01
5.0118723362727209e-04	2.0928045123915323e-01
4.9431068698683534e-04	2.1150610791841837e-01
4.8752849010338635e-04	2.1328008682507368e-01
4.8083934844972865e-04	2.1506107050289588e-01
4.7424198526024446e-04	2.1731521766439049e-01
4.6773514128719813e-04	2.1903330553826555e-01
4.6131757456037940e-04	2.2092676090291513e-01
4.5498806015004833e-04	2.2317998497942224e-01
4.4874538993313202e-04	2.2486030863048975e-01
4.4258837236262652e-04	2.2687024184217106e-01
4.3651583224016600e-04	2.2909609799991312e-01
4.3052661049171044e-04	2.3076122142474670e-01
4.2461956394631277e-04	2.3288341605447743e-01
4.1879356511791832e-04	2.3506043200048352e-01
4.1304750199016145e-04	2.3673495813052420e-01
4.0738027780411255e-04	2.3895781403885732e-01
4.0179081084893982e-04	2.4107083477284430e-01
3.9627803425543943e-04	2.4277907170488194e-01
3.9084089579240211e-04	2.4508500211767681e-01
3.8547835766577165e-04	2.4712583135159993e-01
3.8018939632056113e-04	2.4888973374501241e-01
3.7497300224548355e-04	2.5125692029953484e-01
3.6982817978026630e-04	2.5322429145065545e-01
3.6475394692560764e-04	2.5506182708101927e-01
3.5974933515574227e-04	2.5746612881312420e-01
3.5481338923357548e-04	2.5936509934612850e-01
3.4994516702835707e-04	2.6128912582226838e-01
3.4514373933585611e-04	2.6370595500083399e-01
3.4040818970100084e-04	2.6554685849982329e-01
3.3573761424295475e-04	2.6756453379750383e-01
3.3113112148259094e-04	2.6997054375260615e-01
3.2658783217233601e-04	2.7176765373381218e-01
3.2210687912834343e-04	2.7388035210250627e-01
3.1768740706497687e-04	2.7625482374931193e-01
3.1332857243155868e-04	2.7802488383983187e-01
3.0902954325135899e-04	2.8022854909270756e-01
3.0478949896279803e-04	2.8255440787690200e-01
3.0060763026282315e-04	2.8431516837519411e-01
2.9648313895243414e-04	2.8660101079478828e-01
2.9241523778433375e-04	2.8886544916094486e-01
2.8840315031266060e-04	2.9063432486857183e-01
2.8444611074479142e-04	2.9298975551244799e-01
2.8054336379517152e-04	2.9518447375311074e-01
2.7669416454115112e-04	2.9697740713612181e-01
2.7289777828080387e-04	2.9938710258104489e-01
2.6915348039269167e-04	3.0150821045817489e-01
2.6546055619755386e-04	3.0333879196158081e-01
2.6181830082189829e-04	3.0578579111443865e-01
2.5822601906345965e-04	3.0783343274078495e-01
2.5468302525850396e-04	3.0971229985790671e-01
2.5118864315095817e-04	3.1217904967797006e-01
2.4774220576332854e-04	3.1415682482191554e-01
2.4434305526939703e-04	3.1609133568789083e-01
2.4099054286865959e-04	3.1856062178561823e-01
2.3768402866248761e-04	3.2047487900226396e-01
2.3442288153199202e-04	3.2246903619317774e-01
2.3120647901755953e-04	3.2492475481157723e-01
2.2803420720004172e-04	3.2678382722318444e-01
2.2490546058357788e-04	3.2883841356583027e-01
2.2181964198002190e-04	3.3126616134218639e-01
2.1877616239495513e-04	3.3307960641784096e-01
2.1577444091526677e-04	3.3519248672123508e-01
2.1281390459827119e-04	3.3757996231447213e-01
2.0989398836235225e-04	3.3935785458097473e-01
2.0701413487910430e-04	3.4152439457514827e-01
2.0417379446695288e-04	3.4386162071623894e-01
2.0137242498623865e-04	3.4561393273061003e-01
1.9860949173573718e-04	3.4782748813749603e-01
1.9588446735059888e-04	3.5010687342170699e-01
1.9319683170169254e-04	3.5184296698694195e-01
1.9054607179632473e-04	3.5409540043013255e-01
1.8793168168032673e-04	3.5631166716774404e-01
1.8535316234148124e-04	3.5803990473227271e-01
1.8281002161427425e-04	3.6032209500535656e-01
1.8030177408595675e-04	3.6247210297206506e-01
1.7782794100389232e-04	3.6419957908737549e-01
1.7538805018417605e-04	3.6650189513935727e-01
1.7298163592150998e-04	3.6858439164205242e-01
1.7060823890031236e-04	3.7031677658647172e-01
1.6826740610704664e-04	3.7262949660717692e-01
1.6595869074375615e-04	3.7464482155392076e-01
1.6368165214278085e-04	3.7638630380601429e-01
1.6143585568264852e-04	3.7869996735717526e-01
1.5922087270511709e-04	3.8064973867633128e-01
1.5703628043335521e-04	3.8240304967470484e-01
1.5488166189124800e-04	3.8470873746507445e-01
1.5275660582380728e-04	3.8659553790398599e-01
1.5066070661867413e-04	3.8836204116206713e-01
1.4859356422870079e-04	3.9065158254258825e-01
1.4655478409559116e-04	3.9247866415261234e-01
1.4454397707459266e-04	3.9425849093730142e-01
1.4256075936021890e-04	3.9652460338783796e-01
1.4060475241299138e-04	3.9829562131909446e-01
1.3867558288718873e-04	4.0008783636057926e-01
1.3677288255958494e-04	4.0232420417301828e-01
1.3489628825916531e-04	4.0404298708697262e-01
1.3304544179780899e-04	4.0584576979230264e-01
1.3121998990192033e-04	4.0804707093410131e-01
1.2941958414499854e-04	4.0971743160711882e-01
1.2764388088113446e-04	4.1152826067338361e-01
1.2589254117941672e-04	4.1369015160964251e-01
1.2416523075924101e-04	4.1531573825716589e-01
1.2246161992650491e-04	4.1713157015102748e-01
1.2078138351067799e-04	4.1925063840693894e-01
1.1912420080273737e-04	4.2083482493426333e-01
1.1748975549395299e-04	4.2265225921455041e-01
1.1587773561551256e-04	4.2472595287627429e-01
1.1428783347897725e-04	4.2627176462606720e-01
1.1271974561755105e-04	4.2808719138799062e-01
1.1117317272815906e-04	4.3011373375753686e-01
1.0964781961431856e-04	4.3162380430256059e-01
1.0814339512979379e-04	4.3343353102319326e-01
1.0665961212302570e-04	4.3541182742955614e-01
1.0519618738232232e-04	4.3688838145517173e-01
1.0375284158180123e-04	4.3868873817421000e-01
1.0232929922807532e-04	4.4061828063449282e-01
1.0092528860766846e-04	4.4206313786250168e-01
9.9540541735152654e-05	4.4385056092997721e-01
9.8174794301998495e-05	4.4573133505828438e-01
9.6827785626124905e-05	4.4714593037791317e-01
9.5499258602143526e-05	4.4891702595844807e-01
9.4188959652284179e-05	4.5074942331095630e-01
9.2896638677993616e-05	4.5213483870716081e-01
9.1622049012199896e-05	4.5388642788347355e-01
9.0364947372230175e-05	4.5567116585480633e-01
8.9125093813374520e-05	4.5702817027665549e-01
8.7902251683088338e-05	4.5875731798820318e-01
8.6696187575821667e-05	4.6049536846298750e-01
8.5506671288468285e-05	4.6182446238677610e-01
8.4333475776427581e-05	4.6352849262181528e-01
8.3176377110267090e-05	4.6522101984389369e-01
8.2035154432981766e-05	4.6652248190542406e-01
8.0909589917838259e-05	4.6819898158495832e-01
7.9799468726797637e-05	4.6984728913070645e-01
7.8704578969509783e-05	4.7112122278942148e-01
7.7624711662869193e-05	4.7276803668495743e-01
7.6559660691125599e-05	4.7437352300288049e-01
7.5509222766543437e-05	4.7561990173235930e-01
7.4473197390598905e-05	4.7723512058470258e-01
7.3451386815711445e-05	4.7879924227176346e-01
7.2443596007499035e-05	4.8001795223094257e-01
7.1449632607551317e-05	4.8159989601810099e-01
7.0469306896714631e-05	4.8312413782420988e-01
6.9502431758879693e-05	4.8431501734428795e-01
6.8548822645266125e-05	4.8586221540846991e-01
6.7608297539198107e-05	4.8734806587161228e-01
6.6680676921362217e-05	4.8851094139458889e-01
6.5765783735542019e-05	4.9002211090065373e-01
6.4863443354823874e-05	4.9147104249842322e-01
6.3973483548264803e-05	4.9260576082766383e-01
6.3095734448019279e-05	4.9407978480230680e-01
6.2230028516915966e-05	4.9549323754275454e-01
6.1376200516479400e-05	4.9659969442026769e-01
6.0534087475391304e-05	4.9803560042018707e-01
5.9703528658383699e-05	4.9941496787229755e-01
5.8884365535558867e-05	5.0049313298949161e-01
5.8076441752131244e-05	5.0189007327285184e-01
5.7279603098582920e-05	5.0323669014334349e-01
5.6493697481230218e-05	5.0428662873058050e-01
5.5718574893193012e-05	5.0564386265866224e-01
5.4954087385762447e-05	5.0695899314872561e-01
5.4200089040162345e-05	5.0798088428286980e-01
5.3456435939697180e-05	5.0929776355694056e-01
5.2722986142282255e-05	5.1058258987453686e-01
5.1999599653351545e-05	5.1157674160109567e-01
5.1286138399136494e-05	5.1285269883740325e-01
5.0582466200311379e-05	5.1410830939421770e-01
4.9888448746001249e-05	5.1507517069138198e-01
4.9203953568145089e-05	5.1630971175014939e-01
4.8528850016212067e-05	5.1753708873536897e-01
4.7863009232263851e-05	5.1847725825762181e-01
4.7206304126359040e-05	5.1966995866210064e-01
4.6558609352295853e-05	5.2086996485708603e-01
4.5919801283686868e-05	5.2178419629628869e-01
4.5289757990362059e-05	5.2293470199775860e-01
4.4668359215096341e-05	5.2410806687602540e-01
4.4055486350655330e-05	5.2499727067482604e-01
4.3451022417157128e-05	5.2610530333082439e-01
4.2854852039743976e-05	5.2725260867602519e-01
4.2266861426560290e-05	5.2811784973212694e-01
4.1686938347033504e-05	5.2918321656035805e-01
4.1114972110452234e-05	5.3030488202990578e-01
4.0550853544838368e-05	5.3114737294880998e-01
3.9994474976109710e-05	5.3216998109002078e-01
3.9445730207527845e-05	5.3326625035072228e-01
3.8904514499428039e-05	5.3408733974970979e-01
3.8370724549227900e-05	5.3506721491366849e-01
3.7844258471709333e-05	5.3613814317366626e-01
3.7325015779572032e-05	5.3693929852203348e-01
3.6812897364253163e-05	5.3787660749628252e-01
3.6307805477010126e-05	5.3892205144730443e-01
3.5809643710263568e-05	5.3970483595819474e-01
3.5318316979195702e-05	5.4059991232741567e-01
3.4833731503601165e-05	5.4161952368268740e-01
3.4355794789987424e-05	5.4238556686268347e-01
3.3884415613920256e-05	5.4323893901799658e-01
3.3419504002611408e-05	5.4423216297048560e-01
3.2960971217745797e-05	5.4498312459445175e-01
3.2508729738543431e-05	5.4579554481219750e-01
3.2062693245054629e-05	5.4676162482889690e-01
3.1622776601683802e-05	5.4749915234969670e-01
3.1188895840939360e-05	5.4827162539795438e-01
3.0760968147407055e-05	5.4920961578861427e-01
3.0338911841942711e-05	5.4993529551967890e-01
2.9922646366081876e-05	5.5066910492426469e-01
2.9512092266663878e-05	5.5157789255628031e-01
2.9107171180666051e-05	5.5229319538216148e-01
2.8707805820246889e-05	5.5298992517464995e-01
2.8313919957993805e-05	5.5386826152691315e-01
2.7925438412373375e-05	5.5457448439701240e-01
2.7542287033381640e-05	5.5523603390485110e-01
2.7164392688390834e-05	5.5608257834109820e-01
2.6791683248190310e-05	5.5678078337251924e-01
2.6424087573219438e-05	5.5740937243174959e-01
2.6061535499988956e-05	5.5822274711044773e-01
2.5703957827688625e-05	5.5891370074226587e-01
2.5351286304979089e-05	5.5951186265758390e-01
2.5003453616964311e-05	5.6029071886967752e-01
2.4660393372343374e-05	5.6097483413786864e-01
2.4322040090738162e-05	5.6154539382859381e-01
2.3988329190194897e-05	5.6228848876595738e-01
2.3659196974857559e-05	5.6296577435595363e-01
2.3334580622810032e-05	5.6351180945369450e-01
2.3014418174085075e-05	5.6421809147305746e-01
2.2698648518838236e-05	5.6488811169404318e-01
2.2387211385683396e-05	5.6541289494025282e-01
2.2080047330188985e-05	5.6608159433249416e-01
2.1777097723531597e-05	5.6674344447000591e-01
2.1478304741305334e-05	5.6725036662869632e-01
2.1183611352485001e-05	5.6788108778417890e-01
2.0892961308540402e-05	5.6853338934512887e-01
2.0606299132699997e-05	5.6902586301172986e-01
2.0323570109362197e-05	5.6961867276768341e-01
2.0044720273651615e-05	5.7025959284986083e-01
1.9769696401118599e-05	5.7074093898920930e-01
1.9498445997580466e-05	5.7129644495594178e-01
1.9230917289101583e-05	5.7192374327653228e-01
1.8967059212111447e-05	5.7239706401774981e-01
1.8706821403658012e-05	5.7291647593182293e-01
1.8450154191794733e-05	5.7352758187467534e-01
1.8197008586099817e-05	5.7399562494360756e-01
1.7947336268325271e-05	5.7448079172808764e-01
1.7701089583174204e-05	5.7507291208636357e-01
1.7458221529205049e-05	5.7553793414132426e-01
1.7218685749860071e-05	5.7599134951283049e-01
1.6982436524617432e-05	5.7656160542387369e-01
1.6749428760264382e-05	5.7702524330408422e-01
1.6519617982290146e-05	5.7745001359237125e-01
1.6292960326397209e-05	5.7799560255185856e-01
1.6069412530128779e-05	5.7845876283997855e-01
1.5848931924611131e-05	5.7885853228877604e-01
1.5631476426409527e-05	5.7937690822778576e-01
1.5417004529495595e-05	5.7983968632761107e-01
1.5205475297324948e-05	5.8021851758688681e-01
1.4996848355023744e-05	5.8070757900690217e-01
1.4791083881682073e-05	5.8116921889720830e-01
1.4588142602753473e-05	5.8153142968155980e-01
1.4387985782558460e-05	5.8198970305297182e-01
1.4190575216890919e-05	5.8244860776952678e-01
1.3995873225726168e-05	5.8279856863240698e-01
1.3803842646028852e-05	5.8322537201880698e-01
1.3614446824659494e-05	5.8367917256505375e-01
1.3427649611378624e-05	5.8402107519206070e-01
1.3243415351946647e-05	5.8441664575483365e-01
1.3061708881318407e-05	5.8486233246852015e-01
1.2882495516931347e-05	5.8519994246601625e-01
1.2705741052085414e-05	5.8556551152600700e-01
1.2531411749414150e-05	5.8599962699004882e-01
1.2359474334445109e-05	5.8633603935630363e-01
1.2189895989248661e-05	5.8667384039186032e-01
1.2022644346174118e-05	5.8709272700122350e-01
1.1857687481671602e-05	5.8743014573815289e-01
1.1694993910198705e-05	5.8774334432706410e-01
1.1534532578210929e-05	5.8814343303130900e-01
1.1376272858234309e-05	5.8848299805782023e-01
1.1220184543019627e-05	5.8877553839773156e-01
1.1066237839776669e-05	5.8915365855176027e-01
1.0914403364487562e-05	5.8949534261178815e-01
1.0764652136298339e-05	5.8977171271436168e-01
1.0616955571987250e-05	5.9012539718101076e-01
1.0471285480508992e-05	5.9046799231381064e-01
1.0327614057613964e-05	5.9073291880807199e-01
1.0185913880541170e-05	5.9106067437354437e-01
1.0046157902783946e-05	5.9140188146847028e-01
9.9083194489276805e-06	5.9165997439882045e-01
9.7723722095581059e-06	5.9196148611195221e-01
9.6382902362396979e-06	5.9229811217099015e-01
9.5060479365628173e-06	5.9255348916907646e-01
9.3756200692587994e-06	5.9282972921443233e-01
9.2469817393822165e-06	5.9315798567766875e-01
9.1201083935590998e-06	5.9341391213075456e-01
8.9949758153003480e-06	5.9366712984447167e-01
8.8715601203796148e-06	5.9398301264432019e-01
8.7498377522743601e-06	5.9424159858916359e-01
8.6297854776696978e-06	5.9447517834773111e-01
8.5113803820237683e-06	5.9477489764720892e-01
8.3945998651939721e-06	5.9503689179945563e-01
8.2794216371233343e-06	5.9525507930592036e-01
8.1658237135859272e-06	5.9553549590301702e-01
8.0537844119906628e-06	5.9580021153373830e-01
7.9432823472428065e-06	5.9600772537358271e-01
7.8342964276621184e-06	5.9626674345599451e-01
7.7268058509570195e-06	5.9653213938484406e-01
7.6207901002541252e-06	5.9673370182757512e-01
7.5162289401820541e-06	5.9697056599226528e-01
7.4131024130091695e-06	5.9723348922623143e-01
7.3113908348341771e-06	5.9743332573799335e-01
7.2110747918289945e-06	5.9764877538662087e-01
7.1121351365332839e-06	5.9790535129832878e-01
7.0145529841997137e-06	5.9810671940809701e-01
6.9183097091893617e-06	5.9830296646091941e-01
6.8233869414166883e-06	5.9854910024346220e-01
6.7297665628431781e-06	5.9875391263053124e-01
6.6374307040190843e-06	5.9893442854613099e-01
6.5463617406727528e-06	5.9916636117949251e-01
6.4565422903465540e-06	5.9937496302653193e-01
6.3679552090791530e-06	5.9954408664048875e-01
6.2805835881331813e-06	5.9975893338244868e-01
6.1944107507678123e-06	5.9997007914719958e-01
6.1094202490557140e-06	6.0013248477219150e-01
6.0255958607435782e-06	6.0032867776930254e-01
5.9429215861557232e-06	6.0053972809226819e-01
5.8613816451402912e-06	6.0069981944836826e-01
5.7809604740571804e-06	6.0087738120618106e-01
5.7016427228074709e-06	6.0108470905030309e-01
5.6234132519034929e-06	6.0124602408504746e-01
5.5462571295791058e-06	6.0140661651734661e-01
5.4701596289397113e-06	6.0160617701933883e-01
5.3951062251512778e-06	6.0177089685525686e-01
5.3210825926679398e-06	6.0191762064124765e-01
5.2480746024977206e-06	6.0210560718082451e-01
5.1760683195056764e-06	6.0227425574477422e-01
5.1050499997540593e-06	6.0241121351512861e-01
5.0350060878790506e-06	6.0258469948171289e-01
4.9659232145033602e-06	6.0275609740306213e-01
4.8977881936844583e-06	6.0288777623006473e-01
4.8305880203977278e-06	6.0304523373127383e-01
4.7643098680541551e-06	6.0321673235584594e-01
4.6989410860521495e-06	6.0334729872635784e-01
4.6344691973628810e-06	6.0348889611672596e-01
4.5708818961487476e-06	6.0365686977597499e-01
4.5081670454146041e-06	6.0378949561486916e-01
4.4463126746910867e-06	6.0391710628647677e-01
4.3853069777498541e-06	6.0407763109335866e-01
4.3251383103500886e-06	6.0421397535602783e-01
4.2657951880159257e-06	6.0433087786375572e-01
4.2072662838444369e-06	6.0448048303403157e-01
4.1495404263436308e-06	6.0462043551672218e-01
4.0926065973001068e-06	6.0473074278646799e-01
4.0364539296760452e-06	6.0486709575439090e-01
3.9810717055349725e-06	6.0500884804513955e-01
3.9264493539959964e-06	6.0511676059987174e-01
3.8725764492161742e-06	6.0523914793937561e-01
3.8194427084004650e-06	6.0537959612137304e-01
3.7670379898390858e-06	6.0548861856805958e-01
3.7153522909717268e-06	6.0559811460824231e-01
3.6643757464783317e-06	6.0573352988266493e-01
3.6140986263961295e-06	6.0584580960508239e-01
3.5645113342624427e-06	6.0594508131239078e-01
3.5156044052829798e-06	6.0607192230829310e-01
3.4673685045253185e-06	6.0618785631727279e-01
3.4197944251370883e-06	6.0628062751915723e-01
3.3728730865886865e-06	6.0639632688472789e-01
3.3265955329400468e-06	6.0651453539839428e-01
3.2809529311311898e-06	6.0660481095927987e-01
3.2359365692962801e-06	6.0670836148490093e-01
3.1915378551007622e-06	6.0682605148100444e-01
3.1477483141013145e-06	6.0691726456941542e-01
3.1045595881283524e-06	6.0700946292624214e-01
3.0619634336906777e-06	6.0712311611769876e-01
3.0199517204020146e-06	6.0721739191889224e-01
2.9785164294291913e-06	6.0730066839223917e-01
2.9376496519615305e-06	6.0740690609092707e-01
2.8973435877013209e-06	6.0750462136377326e-01
2.8575905433749481e-06	6.0758247896224182e-01
2.8183829312644530e-06	6.0767890279071846e-01
2.7797132677592860e-06	6.0777866037633044e-01
2.7415741719278832e-06	6.0785484516686061e-01
2.7039583641088425e-06	6.0794064498919986e-01
2.6668586645214769e-06	6.0803968569570610e-01
2.6302679918953821e-06	6.0811728669251808e-01
2.5941793621188124e-06	6.0819345309091111e-01
2.5585858869056470e-06	6.0828841574201820e-01
2.5234807724805741e-06	6.0836912386772368e-01
2.4888573182823889e-06	6.0843819596003235e-01
2.4547089156850309e-06	6.0852603859214649e-01
2.4210290467361774e-06	6.0860976609611872e-01
2.3878112829131751e-06	6.0867516617748574e-01
2.3550492838960097e-06	6.0875400635969534e-01
2.3227367963571056e-06	6.0883898162051708e-01
2.2908676527677743e-06	6.0890410498036585e-01
2.2594357702209776e-06	6.0897374555620043e-01
2.2284351492703022e-06	6.0905707172354850e-01
2.1978598727848259e-06	6.0912437874568470e-01
2.1677041048196942e-06	6.0918636150738781e-01
2.1379620895022301e-06	6.0926489382833782e-01
2.1086281499332901e-06	6.0933526456068277e-01
2.0796966871036947e-06	6.0939242307855279e-01
2.0511621788255634e-06	6.0946371847339342e-01
2.0230191786782716e-06	6.0953626619771273e-01
1.9952623149688783e-06	6.0959189659210722e-01
1.9678862897068460e-06	6.0965495460174890e-01
1.9408858775927780e-06	6.0972736621448553e-01
1.9142559250210841e-06	6.0978425708795281e-01
1.8879913490962941e-06	6.0983982130247227e-01
1.8620871366628669e-06	6.0990913267598024e-01
1.8365383433483446e-06	6.0996875118358773e-01
1.8113400926196028e-06	6.1001906704817976e-01
1.7864875748520497e-06	6.1008263955831277e-01
1.7619760464116302e-06	6.1014473490580412e-01
1.7378008287493755e-06	6.1019282938059360e-01
1.7139573075084242e-06	6.1024921803646415e-01
1.6904409316432649e-06	6.1031197956704852e-01
1.6672472125510623e-06	6.1036068791731202e-01
1.6443717232149303e-06	6.1041011372353371e-01
1.6218100973589304e-06	6.1047084202691526e-01
1.5995580286146682e-06	6.1052190157829644e-01
1.5776112696993469e-06	6.1056616221510129e-01
1.5559656316050746e-06	6.1062223535961824e-01
1.5346169827992934e-06	6.1067575642880190e-01
1.5135612484362089e-06	6.1071759633305278e-01
1.4927944095789960e-06	6.1076740198096147e-01
1.4723125024327177e-06	6.1082190651927504e-01
1.4521116175877428e-06	6.1086405880739703e-01
1.4321878992735430e-06	6.1090756239344535e-01
1.4125375446227529e-06	6.1096058513424301e-01
1.3931568029453034e-06	6.1100482398914591e-01
1.3740419750125145e-06	6.1104356283576367e-01
1.3551894123510370e-06	6.1109260414052669e-01
1.3365955165464422e-06	6.1113915474666403e-01
1.3182567385564061e-06	6.1117565292591236e-01
1.3001695780332910e-06	6.1121913406135753e-01
1.2823305826560213e-06	6.1126666504473159e-01
1.2647363474711502e-06	6.1130348241731980e-01
1.2473835142429433e-06	6.1134134137991569e-01
1.2302687708123811e-06	6.1138754903075332e-01
1.2133888504649759e-06	6.1142632593599999e-01
1.1967405313072435e-06	6.1146001983737386e-01
1.1803206356517289e-06	6.1150258237484145e-01
1.1641260294104919e-06	6.1154345451249859e-01
1.1481536214968827e-06	6.1157536230612664e-01
1.1324003632355562e-06	6.1161288821916970e-01
1.1168632477805614e-06	6.1165450889643525e-01
1.1015393095414147e-06	6.1168697023164798e-01
1.0864256236170645e-06	6.1171955632652764e-01
1.0715193052376066e-06	6.1175972135189538e-01
1.0568175092136580e-06	6.1179410387069921e-01
1.0423174293933030e-06	6.1182326991376568e-01
1.0280162981264734e-06	6.1185988872729424e-01
1.0139113857366788e-06	6.1189607469525020e-01
1.0000000000000004e-06	6.1192409892632638e-01
